0 0.74140625 0.17265625 0.02578125 0.06171875
5 0.809375 0.18671875 0.03046875 0.0671875
0 0.57578125 0.18984375 0.034375 0.06171875
2 0.69296875 0.21015625 0.034375 0.0671875
2 0.840625 0.2234375 0.02890625 0.06796875
2 0.4609375 0.240625 0.0359375 0.078125
2 0.53984375 0.246875 0.0296875 0.06875
0 0.57109375 0.26796875 0.0375 0.071875
2 0.21328125 0.30703125 0.028125 0.07578125
0 0.71953125 0.32734375 0.0484375 0.0984375
0 0.04140625 0.33203125 0.04453125 0.09609375
2 0.51640625 0.3453125 0.04140625 0.103125
0 0.35703125 0.34765625 0.03828125 0.084375
0 0.928125 0.3734375 0.0484375 0.07578125
0 0.2421875 0.38125 0.046875 0.12578125
0 0.40859375 0.38671875 0.0421875 0.10078125
0 0.59921875 0.39296875 0.04296875 0.096875
0 0.9828125 0.39609375 0.03359375 0.0890625
0 0.9078125 0.45390625 0.05078125 0.1125
0 0.696875 0.47265625 0.046875 0.10625
0 0.08984375 0.47734375 0.0453125 0.103125
0 0.75625 0.51015625 0.06015625 0.1453125
0 0.4828125 0.51640625 0.0484375 0.12734375
0 0.2578125 0.64375 0.06640625 0.16171875
0 0.8734375 0.70078125 0.065625 0.171875
0 0.9453125 0.16796875 0.02890625 0.0578125