0 0.06875 0.56484375 0.04921875 0.07890625
2 0.18046875 0.575 0.05859375 0.08046875
0 0.2484375 0.62265625 0.05859375 0.121875
0 0.446875 0.62890625 0.0609375 0.1265625
0 0.63046875 0.159375 0.02734375 0.0484375
0 0.4953125 0.20703125 0.02421875 0.0484375
5 0.9078125 0.20703125 0.03984375 0.0625
0 0.39296875 0.2078125 0.02734375 0.0453125
0 0.83046875 0.2515625 0.0421875 0.0765625
0 0.315625 0.25859375 0.02734375 0.04296875
0 0.58515625 0.2609375 0.04140625 0.0609375
0 0.6984375 0.27421875 0.03671875 0.0671875
0 0.203125 0.27578125 0.02890625 0.046875
0 0.3890625 0.296875 0.0515625 0.08828125
0 0.28203125 0.31328125 0.03046875 0.05703125
0 0.2 0.33984375 0.034375 0.05703125
0 0.45703125 0.34296875 0.04140625 0.08125
0 0.08359375 0.34765625 0.03125 0.059375
0 0.60703125 0.35390625 0.03828125 0.07265625
0 0.859375 0.40625 0.053125 0.115625
0 0.33671875 0.40625 0.0484375 0.07578125
0 0.0171875 0.41953125 0.02734375 0.06015625
0 0.66953125 0.46875 0.05390625 0.115625
2 0.3671875 0.4953125 0.03984375 0.1
2 0.521875 0.50859375 0.040625 0.1