2 0.1546875 0.41796875 0.04921875 0.09140625
2 0.04765625 0.42578125 0.0484375 0.103125
0 0.75390625 0.4265625 0.03828125 0.09375
0 0.63515625 0.43671875 0.03359375 0.0921875
0 0.55625 0.43828125 0.01796875 0.04375
0 0.3078125 0.43828125 0.0234375 0.04609375
0 0.6671875 0.4421875 0.0203125 0.0609375
0 0.24375 0.44453125 0.0234375 0.0640625
0 0.46953125 0.44453125 0.021875 0.0640625
0 0.80078125 0.4484375 0.03984375 0.075
2 0.98125 0.45 0.0375 0.1140625
0 0.91640625 0.4578125 0.02578125 0.065625
2 0.39765625 0.4609375 0.03515625 0.0765625
0 0.34765625 0.46640625 0.03671875 0.08203125
0 0.59375 0.471875 0.02578125 0.06484375
2 0.2765625 0.48125 0.02734375 0.0609375