0 0.1390625 0.3890625 0.0484375 0.10390625
0 0.0703125 0.40859375 0.04609375 0.09296875
2 0.7484375 0.4328125 0.04140625 0.1046875
2 0.64765625 0.44140625 0.04765625 0.11015625
2 0.2484375 0.44296875 0.0203125 0.06015625
0 0.46875 0.44296875 0.015625 0.05234375
0 0.55625 0.44375 0.01953125 0.0390625
0 0.80859375 0.44609375 0.0390625 0.08046875
0 0.9125 0.459375 0.0234375 0.0484375
2 0.340625 0.46015625 0.03984375 0.1015625
2 0.98125 0.465625 0.03671875 0.08828125
0 0.40390625 0.46640625 0.028125 0.084375
2 0.59296875 0.47734375 0.025 0.0671875
2 0.278125 0.4828125 0.0296875 0.0734375