2 0.14921875 0.3890625 0.0671875 0.15390625
2 0.04765625 0.42421875 0.06328125 0.10859375
2 0.24609375 0.43984375 0.0203125 0.0609375
2 0.75 0.43984375 0.040625 0.09921875
0 0.46953125 0.44140625 0.0171875 0.05
2 0.63515625 0.44296875 0.04453125 0.09609375
0 0.55546875 0.44375 0.01796875 0.040625
0 0.8203125 0.44921875 0.034375 0.0875
2 0.9171875 0.45703125 0.02734375 0.05546875
2 0.98125 0.4625 0.0375 0.09375
0 0.34375 0.4625 0.0359375 0.09296875
2 0.4 0.46796875 0.03125 0.07890625
0 0.596875 0.47578125 0.02578125 0.0625
2 0.2765625 0.48125 0.02734375 0.06953125