0 0.1484375 0.39296875 0.04296875 0.08125
0 0.0640625 0.41796875 0.03671875 0.075
0 0.75234375 0.4234375 0.0328125 0.08046875
0 0.30703125 0.43984375 0.01875 0.04296875
0 0.24140625 0.44296875 0.01953125 0.05078125
0 0.47109375 0.44296875 0.0171875 0.0390625
0 0.5546875 0.44375 0.015625 0.034375
0 0.665625 0.44453125 0.01875 0.03984375
0 0.81171875 0.4453125 0.03125 0.0671875
0 0.63515625 0.446875 0.03203125 0.07734375
2 0.4109375 0.459375 0.02734375 0.06484375
0 0.91484375 0.46015625 0.01953125 0.04296875
2 0.984375 0.46015625 0.03125 0.08046875
2 0.36640625 0.4625 0.01953125 0.06953125
0 0.5953125 0.48046875 0.025 0.0546875
2 0.275 0.48515625 0.02265625 0.05703125