0 0.06953125 0.4109375 0.04375 0.09375
2 0.140625 0.42734375 0.04375 0.08125
0 0.5546875 0.4421875 0.0140625 0.03828125
2 0.240625 0.44375 0.02421875 0.05234375
0 0.46796875 0.44921875 0.0203125 0.0546875
2 0.7203125 0.45078125 0.034375 0.08515625
0 0.39921875 0.459375 0.03046875 0.07421875
2 0.65234375 0.459375 0.034375 0.08203125
2 0.91484375 0.4609375 0.0234375 0.05234375
2 0.81171875 0.4609375 0.03359375 0.07734375
0 0.3484375 0.465625 0.02578125 0.08203125
2 0.98203125 0.46796875 0.0359375 0.0828125
0 0.5984375 0.47421875 0.02421875 0.0546875
2 0.27578125 0.48359375 0.03125 0.06171875