0 0.140625 0.38515625 0.053125 0.11015625
0 0.065625 0.40859375 0.04609375 0.08828125
2 0.7359375 0.43046875 0.03984375 0.1109375
0 0.80703125 0.43984375 0.03359375 0.09765625
0 0.4703125 0.44375 0.0203125 0.05234375
2 0.24765625 0.44375 0.02421875 0.06484375
0 0.55546875 0.44453125 0.01484375 0.0390625
2 0.63984375 0.4453125 0.03828125 0.10546875
2 0.4 0.4546875 0.034375 0.084375
2 0.9125 0.4578125 0.02265625 0.05390625
2 0.98203125 0.4625 0.0359375 0.096875
2 0.33359375 0.47109375 0.04296875 0.10859375
0 0.59375 0.47421875 0.02578125 0.0609375
2 0.27734375 0.48671875 0.02578125 0.07265625