2 0.15 0.39140625 0.046875 0.09375
2 0.06328125 0.43125 0.046875 0.09453125
0 0.978125 0.44296875 0.04375 0.0859375
0 0.5578125 0.44609375 0.01953125 0.0390625
0 0.465625 0.44609375 0.021875 0.05703125
2 0.240625 0.446875 0.0265625 0.05234375
0 0.91484375 0.4515625 0.028125 0.05625
2 0.7296875 0.45859375 0.03828125 0.09453125
2 0.38828125 0.46015625 0.03046875 0.078125
2 0.815625 0.4625 0.0359375 0.0796875
2 0.6453125 0.4640625 0.0390625 0.08359375
0 0.34375 0.46875 0.02890625 0.08515625
2 0.27578125 0.48515625 0.02890625 0.06015625