2 0.94765625 0.22109375 0.021875 0.0421875
0 0.80390625 0.2265625 0.01875 0.03359375
0 0.6671875 0.23125 0.01640625 0.0375
0 0.54453125 0.23203125 0.0125 0.03515625
0 0.7171875 0.240625 0.025 0.0421875
2 0.428125 0.25 0.01875 0.0390625
0 0.50859375 0.253125 0.021875 0.0453125
0 0.0859375 0.2546875 0.0203125 0.04375
0 0.31640625 0.271875 0.02109375 0.04453125
2 0.17109375 0.28125 0.0171875 0.0421875
0 0.80859375 0.28203125 0.02578125 0.0515625
2 0.55078125 0.2828125 0.01171875 0.0484375
2 0.85625 0.28359375 0.025 0.0421875
0 0.390625 0.28515625 0.02578125 0.053125
2 0.71640625 0.29453125 0.0203125 0.04453125
2 0.6375 0.29765625 0.02421875 0.05078125
0 0.4640625 0.29921875 0.025 0.05390625
2 0.140625 0.30859375 0.01484375 0.0515625
2 0.24921875 0.30859375 0.01796875 0.04453125
2 0.26640625 0.32265625 0.02421875 0.046875
2 0.775 0.33046875 0.0296875 0.06015625
0 0.57109375 0.33984375 0.0296875 0.05703125
0 0.1796875 0.34765625 0.02890625 0.0640625
2 0.35390625 0.35390625 0.02578125 0.0625
0 0.87109375 0.37890625 0.05078125 0.11328125
2 0.48359375 0.3796875 0.02734375 0.0609375
2 0.753125 0.3828125 0.0375 0.07421875
2 0.05078125 0.38515625 0.03046875 0.06484375
2 0.23828125 0.3875 0.025 0.0546875
0 0.55 0.415625 0.03984375 0.09921875
0 0.621875 0.4859375 0.04921875 0.1234375
2 0.23515625 0.5546875 0.053125 0.1171875
2 0.865625 0.21484375 0.02421875 0.04375