0 0.84609375 0.18359375 0.0359375 0.06796875
0 0.58125 0.1875 0.03359375 0.0796875
0 0.409375 0.2015625 0.03671875 0.07421875
0 0.37109375 0.27421875 0.03515625 0.08203125
0 0.8140625 0.29609375 0.03984375 0.096875
0 0.28671875 0.30390625 0.03671875 0.0765625
2 0.69453125 0.30546875 0.04609375 0.08828125
2 0.19375 0.30546875 0.03515625 0.071875
0 0.603125 0.315625 0.03984375 0.07421875
0 0.11796875 0.41015625 0.0390625 0.08046875
0 0.22734375 0.43125 0.0328125 0.08359375
0 0.546875 0.4359375 0.04375 0.09140625
0 0.39296875 0.4609375 0.0375 0.0859375
0 0.6953125 0.4734375 0.0484375 0.10625
2 0.80078125 0.5109375 0.03671875 0.06484375
2 0.11015625 0.596875 0.04140625 0.08359375
2 0.23828125 0.63046875 0.0578125 0.08671875
2 0.64375 0.7078125 0.0578125 0.115625
0 0.93359375 0.0796875 0.02890625 0.06640625
0 0.840625 0.08671875 0.03046875 0.05859375
2 0.6703125 0.0875 0.0421875 0.065625
2 0.7609375 0.09140625 0.0359375 0.0578125
0 0.51328125 0.10703125 0.03359375 0.06875