5 0.32421875 0.32578125 0.015625 0.034375
0 0.346875 0.33828125 0.01875 0.03515625
0 0.29765625 0.3734375 0.01640625 0.0328125
0 0.0859375 0.3765625 0.0203125 0.03359375
0 0.1296875 0.3875 0.01640625 0.0328125
0 0.36015625 0.3953125 0.01640625 0.034375
5 0.14765625 0.409375 0.0265625 0.034375
0 0.68046875 0.41015625 0.0171875 0.03984375
2 0.90625 0.4234375 0.01953125 0.040625
0 0.78671875 0.44453125 0.02109375 0.05
2 0.528125 0.4640625 0.028125 0.0453125
0 0.92890625 0.46640625 0.02890625 0.05625
0 0.5953125 0.4765625 0.02578125 0.04765625
2 0.7109375 0.52734375 0.03359375 0.059375
5 0.509375 0.53515625 0.0421875 0.08515625
0 0.86484375 0.5796875 0.03359375 0.07265625
2 0.6453125 0.7296875 0.05078125 0.06484375