2 0.34609375 0.340625 0.015625 0.03515625
0 0.08828125 0.371875 0.021875 0.04140625
0 0.25234375 0.371875 0.01328125 0.03046875
0 0.2890625 0.3765625 0.015625 0.03125
2 0.128125 0.3875 0.02265625 0.03671875
2 0.1640625 0.40625 0.02265625 0.03828125
2 0.690625 0.41640625 0.02578125 0.05
2 0.90546875 0.42265625 0.025 0.04609375
0 0.75390625 0.43203125 0.0265625 0.05546875
2 0.52890625 0.446875 0.02734375 0.053125
0 0.88984375 0.496875 0.03125 0.059375
5 0.59765625 0.509375 0.0296875 0.05
2 0.71328125 0.52421875 0.03125 0.0546875
0 0.86015625 0.5671875 0.0453125 0.0796875
2 0.503125 0.571875 0.04140625 0.08359375
2 0.034375 0.6546875 0.05078125 0.07734375
2 0.6609375 0.6734375 0.0453125 0.10078125