0 0.3 0.371875 0.01484375 0.03359375
2 0.2625 0.3734375 0.01015625 0.0296875
2 0.07578125 0.38671875 0.0265625 0.04765625
2 0.13046875 0.39375 0.01796875 0.03046875
2 0.35859375 0.39765625 0.01484375 0.02734375
2 0.17109375 0.40390625 0.021875 0.03671875
0 0.6921875 0.41484375 0.02265625 0.05078125
2 0.91015625 0.43203125 0.02265625 0.0359375
2 0.7484375 0.45625 0.02265625 0.0453125
2 0.52265625 0.46015625 0.02734375 0.0453125
0 0.9359375 0.47890625 0.02734375 0.0578125
2 0.5984375 0.4875 0.025 0.04765625
2 0.715625 0.5203125 0.0296875 0.05625
5 0.4890625 0.55625 0.0390625 0.08125
0 0.86640625 0.55625 0.0375 0.07421875
0 0.65546875 0.68359375 0.03984375 0.09140625