0 0.7578125 0.453125 0.01484375 0.028125
0 0.86015625 0.45703125 0.01796875 0.03359375
0 0.2953125 0.47890625 0.0140625 0.02734375
0 0.68984375 0.49453125 0.0140625 0.03203125
0 0.6234375 0.49921875 0.01328125 0.03359375
0 0.7625 0.50703125 0.01875 0.03359375
0 0.309375 0.51953125 0.0125 0.03671875
0 0.27109375 0.52734375 0.015625 0.02890625
2 0.21953125 0.52890625 0.01171875 0.0203125
0 0.32734375 0.5328125 0.01796875 0.0375
0 0.40078125 0.5359375 0.015625 0.03671875
0 0.690625 0.55625 0.02265625 0.04765625
0 0.54921875 0.57109375 0.02578125 0.0296875
0 0.84296875 0.58046875 0.02890625 0.0578125