2 0.0796875 0.37265625 0.0203125 0.03203125
2 0.29921875 0.375 0.01640625 0.0296875
2 0.35703125 0.39375 0.0125 0.02890625
2 0.128125 0.4078125 0.01796875 0.03359375
2 0.6921875 0.41015625 0.02265625 0.0484375
0 0.75703125 0.43671875 0.021875 0.04453125
0 0.9171875 0.44453125 0.02890625 0.0515625
2 0.540625 0.44765625 0.025 0.05390625
2 0.5953125 0.48203125 0.02421875 0.04921875
2 0.7125 0.5140625 0.028125 0.05546875
0 0.4546875 0.5484375 0.040625 0.08828125
2 0.8890625 0.6265625 0.04140625 0.0671875
0 0.6453125 0.65390625 0.03828125 0.09765625