0 0.2578125 0.3703125 0.01875 0.02890625
0 0.28828125 0.375 0.01171875 0.03046875
2 0.121875 0.37734375 0.015625 0.03828125
0 0.071875 0.378125 0.02421875 0.025
2 0.16953125 0.3984375 0.021875 0.040625
2 0.35546875 0.40078125 0.015625 0.02734375
0 0.70078125 0.4140625 0.0203125 0.0453125
2 0.90703125 0.42734375 0.02265625 0.0453125
2 0.52890625 0.45703125 0.0234375 0.0515625
2 0.7515625 0.46328125 0.02109375 0.04609375
0 0.94609375 0.484375 0.02421875 0.053125
2 0.590625 0.4984375 0.01953125 0.0453125
2 0.7140625 0.5390625 0.0328125 0.05390625
2 0.46953125 0.59140625 0.03515625 0.06875
0 0.5921875 0.6578125 0.04140625 0.09921875