2 0.31796875 0.33046875 0.01640625 0.03125
0 0.09921875 0.365625 0.021875 0.04296875
0 0.13125 0.37890625 0.01953125 0.0375
0 0.16640625 0.39140625 0.02421875 0.05
2 0.35859375 0.39296875 0.01484375 0.03125
0 0.70390625 0.41875 0.0234375 0.04765625
2 0.90703125 0.42734375 0.0234375 0.03984375
0 0.759375 0.4328125 0.0265625 0.05
2 0.5265625 0.45703125 0.02734375 0.05234375
0 0.94453125 0.484375 0.03046875 0.05546875
2 0.5921875 0.48671875 0.02890625 0.05625
2 0.71015625 0.51875 0.03046875 0.06640625
2 0.503125 0.57421875 0.0390625 0.0734375
0 0.8515625 0.57421875 0.040625 0.0796875
0 0.03125 0.6203125 0.04375 0.1015625
2 0.65546875 0.65078125 0.0453125 0.10234375
0 0.22421875 0.74375 0.06171875 0.08359375