2 0.26328125 0.3734375 0.0140625 0.02890625
2 0.1296875 0.3796875 0.0203125 0.034375
0 0.35546875 0.38984375 0.0140625 0.02734375
2 0.16328125 0.4 0.021875 0.0390625
0 0.696875 0.4171875 0.0203125 0.03984375
0 0.90546875 0.42265625 0.021875 0.04296875
5 0.52890625 0.453125 0.02578125 0.046875
2 0.7484375 0.4625 0.01953125 0.0375
0 0.94765625 0.4796875 0.0296875 0.053125
2 0.5859375 0.50234375 0.0265625 0.04375
2 0.71484375 0.5234375 0.0296875 0.05078125
0 0.496875 0.5328125 0.0328125 0.075
0 0.8515625 0.578125 0.0390625 0.0765625
0 0.1109375 0.6203125 0.034375 0.08125
0 0.65 0.6546875 0.03671875 0.1