2 0.3171875 0.33125 0.01171875 0.0234375
0 0.071875 0.37109375 0.0171875 0.03203125
2 0.2734375 0.3734375 0.01328125 0.0328125
0 0.13125 0.38515625 0.01796875 0.03359375
0 0.16953125 0.3984375 0.01640625 0.0390625
0 0.90546875 0.42265625 0.01953125 0.03359375
2 0.68203125 0.4421875 0.01953125 0.04140625
2 0.7671875 0.44296875 0.0234375 0.04453125
0 0.509375 0.45625 0.02109375 0.040625
2 0.9265625 0.4625 0.028125 0.05703125
2 0.5890625 0.5046875 0.02578125 0.040625
2 0.70859375 0.540625 0.0265625 0.046875
0 0.8515625 0.55703125 0.0328125 0.06640625
2 0.46640625 0.60859375 0.0390625 0.0671875
2 0.028125 0.65390625 0.04375 0.0828125
2 0.59453125 0.67265625 0.04140625 0.1
2 0.22109375 0.78828125 0.04296875 0.053125