0 0.84765625 0.4640625 0.0203125 0.03046875
2 0.42890625 0.4890625 0.01640625 0.03125
2 0.29296875 0.496875 0.01484375 0.0296875
2 0.69140625 0.50234375 0.01796875 0.03828125
2 0.62109375 0.503125 0.01328125 0.03125
0 0.7578125 0.515625 0.0203125 0.03515625
2 0.30078125 0.5265625 0.01640625 0.0265625
2 0.31875 0.5453125 0.01640625 0.034375
0 0.67890625 0.55859375 0.02578125 0.05234375
2 0.38125 0.55859375 0.01953125 0.0328125
2 0.571875 0.56796875 0.0234375 0.05078125
5 0.8421875 0.5875 0.03125 0.06171875