0 0.28984375 0.371875 0.01484375 0.03125
2 0.0875 0.37421875 0.02421875 0.04140625
5 0.35859375 0.37578125 0.0140625 0.028125
2 0.17734375 0.40234375 0.025 0.0421875
2 0.7 0.428125 0.028125 0.04921875
2 0.9078125 0.43046875 0.0234375 0.03671875
0 0.521875 0.43125 0.0265625 0.0515625
2 0.76484375 0.446875 0.0265625 0.0515625
0 0.94296875 0.4859375 0.0375 0.059375
2 0.59453125 0.490625 0.02421875 0.05078125
2 0.71328125 0.52578125 0.03125 0.05859375
0 0.48515625 0.53046875 0.0375 0.07734375
0 0.8609375 0.5734375 0.03984375 0.07734375
2 0.0234375 0.64609375 0.0453125 0.10078125
2 0.6578125 0.67109375 0.0453125 0.09765625