2 0.41796875 0.33046875 0.0109375 0.01953125
2 0.45546875 0.33515625 0.01171875 0.02578125
2 0.31796875 0.3359375 0.01015625 0.021875
2 0.50234375 0.34296875 0.01171875 0.02265625
2 0.36015625 0.346875 0.01328125 0.02734375
2 0.07265625 0.37265625 0.01875 0.02734375
2 0.26875 0.3734375 0.01171875 0.03046875
2 0.284375 0.37734375 0.01484375 0.025
2 0.3640625 0.38828125 0.01484375 0.02734375
2 0.128125 0.3890625 0.0171875 0.02578125
2 0.1640625 0.41015625 0.01796875 0.03203125
0 0.74765625 0.43671875 0.0234375 0.046875
2 0.690625 0.4390625 0.02265625 0.03359375
0 0.9125 0.44609375 0.03125 0.05390625
2 0.5265625 0.45078125 0.0234375 0.0453125
0 0.59140625 0.484375 0.025 0.04765625
2 0.5109375 0.540625 0.0328125 0.07578125
2 0.70234375 0.55390625 0.03046875 0.04375
0 0.87109375 0.5625 0.0359375 0.06875
2 0.640625 0.65546875 0.0390625 0.0953125