2 0.31875 0.33359375 0.0171875 0.0328125
0 0.09140625 0.36796875 0.0234375 0.04453125
0 0.253125 0.36953125 0.015625 0.03359375
0 0.2984375 0.375 0.01875 0.0328125
0 0.13359375 0.384375 0.02265625 0.04609375
2 0.36015625 0.39296875 0.01796875 0.0296875
2 0.15859375 0.40234375 0.03046875 0.04296875
0 0.68203125 0.4078125 0.02421875 0.05703125
2 0.90859375 0.4234375 0.0234375 0.05
0 0.76875 0.4375 0.02734375 0.0609375
2 0.52578125 0.45703125 0.02578125 0.05625
0 0.93203125 0.46875 0.0296875 0.0625
0 0.59609375 0.47578125 0.02890625 0.06015625
2 0.71171875 0.52265625 0.03125 0.0625
2 0.47578125 0.575 0.03828125 0.0875
0 0.86328125 0.5796875 0.04140625 0.08515625
0 0.64765625 0.6640625 0.04375 0.11171875
5 0.215625 0.75625 0.05859375 0.096875