0 0.1359375 0.2953125 0.02265625 0.040625
2 0.4234375 0.328125 0.01484375 0.0234375
2 0.45078125 0.3296875 0.01328125 0.0234375
2 0.325 0.33046875 0.0140625 0.02734375
2 0.34375 0.34453125 0.01328125 0.02421875
2 0.0859375 0.36640625 0.01953125 0.03125
2 0.2953125 0.371875 0.0125 0.03125
2 0.77421875 0.4421875 0.02265625 0.04609375
2 0.89296875 0.45859375 0.02578125 0.05390625
2 0.5375 0.4625 0.0265625 0.04375
2 0.59921875 0.49296875 0.0234375 0.046875
2 0.46484375 0.60546875 0.04453125 0.06875
2 0.85625 0.61484375 0.0421875 0.06875
2 0.0875 0.66796875 0.0421875 0.06796875
2 0.61875 0.68984375 0.04453125 0.08828125