2 0.09296875 0.37578125 0.01875 0.03828125
0 0.29375 0.37578125 0.01484375 0.03125
2 0.13046875 0.38359375 0.01953125 0.03828125
2 0.14765625 0.4078125 0.02890625 0.0484375
2 0.90703125 0.4203125 0.0265625 0.0453125
5 0.6953125 0.4265625 0.02421875 0.0484375
2 0.76953125 0.44296875 0.02421875 0.046875
2 0.528125 0.4484375 0.02578125 0.05546875
2 0.90546875 0.48359375 0.02890625 0.0640625
2 0.5890625 0.49609375 0.025 0.04765625
2 0.71640625 0.53359375 0.034375 0.05703125
0 0.8578125 0.5671875 0.0390625 0.0703125
0 0.1078125 0.6125 0.03515625 0.0859375
2 0.45390625 0.61484375 0.04296875 0.07734375
5 0.66015625 0.6671875 0.04453125 0.09453125
0 0.228125 0.76328125 0.0515625 0.07265625