2 0.32265625 0.33359375 0.02265625 0.0265625
0 0.07265625 0.37421875 0.02109375 0.03515625
0 0.2546875 0.37578125 0.015625 0.0328125
2 0.1265625 0.37734375 0.02265625 0.0375
2 0.28984375 0.37734375 0.0171875 0.0375
0 0.35703125 0.3921875 0.0171875 0.03125
2 0.165625 0.4046875 0.025 0.0453125
2 0.9078125 0.425 0.0265625 0.04375
2 0.7 0.4296875 0.02734375 0.05078125
2 0.7671875 0.44921875 0.0296875 0.05078125
2 0.52734375 0.453125 0.03046875 0.05859375
0 0.95078125 0.478125 0.03828125 0.06640625
2 0.59296875 0.49921875 0.0296875 0.05
2 0.71171875 0.52421875 0.03515625 0.06328125
2 0.8625 0.55390625 0.0390625 0.07578125
2 0.4703125 0.609375 0.05 0.08203125
0 0.11328125 0.6140625 0.05078125 0.096875
2 0.59609375 0.67890625 0.05 0.10703125
2 0.2 0.7796875 0.07109375 0.08515625