2 0.39453125 0.32578125 0.0125 0.0171875
2 0.4234375 0.3265625 0.01171875 0.02421875
0 0.31875 0.3296875 0.0125 0.021875
2 0.4578125 0.33671875 0.01171875 0.0203125
0 0.50625 0.34375 0.01171875 0.0265625
2 0.34375 0.3484375 0.01328125 0.02578125
0 0.2359375 0.34921875 0.0140625 0.02578125
0 0.2921875 0.375 0.01484375 0.0296875
0 0.26015625 0.3765625 0.0140625 0.02578125
2 0.078125 0.3859375 0.01875 0.03125
0 0.13203125 0.38671875 0.015625 0.0296875
2 0.359375 0.39453125 0.01328125 0.0234375
2 0.17421875 0.40625 0.015625 0.040625
0 0.6890625 0.4140625 0.0234375 0.04296875
2 0.9046875 0.42421875 0.02109375 0.03203125
5 0.76015625 0.46015625 0.04296875 0.0765625
2 0.528125 0.4609375 0.02734375 0.046875
2 0.7484375 0.4625 0.015625 0.03359375
0 0.890625 0.46328125 0.02734375 0.05078125
2 0.5890625 0.50390625 0.0265625 0.046875
2 0.7125 0.52421875 0.03046875 0.05703125
0 0.49296875 0.54921875 0.03671875 0.0828125
0 0.859375 0.57421875 0.040625 0.07578125
5 0.12109375 0.6203125 0.03984375 0.0859375
0 0.6046875 0.6734375 0.03515625 0.1046875
0 0.22578125 0.7734375 0.04140625 0.06328125