2 0.08125 0.37421875 0.021875 0.0359375
0 0.2921875 0.375 0.01796875 0.034375
2 0.35078125 0.39765625 0.01484375 0.02734375
2 0.13046875 0.40703125 0.0265625 0.03671875
0 0.6921875 0.409375 0.02421875 0.04296875
2 0.7859375 0.45 0.02578125 0.0453125
0 0.90546875 0.45390625 0.03046875 0.05390625
2 0.6015625 0.496875 0.03203125 0.053125
2 0.4734375 0.59921875 0.0453125 0.0765625
2 0.85234375 0.6109375 0.03828125 0.065625
0 0.10546875 0.6203125 0.04296875 0.09609375
2 0.62421875 0.67265625 0.0515625 0.09609375