0 0.27109375 0.37109375 0.01875 0.034375
0 0.08984375 0.37734375 0.021875 0.03125
2 0.13125 0.38828125 0.0203125 0.03203125
2 0.35546875 0.39375 0.01328125 0.03203125
2 0.1703125 0.39609375 0.025 0.0421875
0 0.69296875 0.4109375 0.02890625 0.05078125
2 0.90859375 0.421875 0.02421875 0.04765625
0 0.52578125 0.44765625 0.0265625 0.05
2 0.77265625 0.45078125 0.0265625 0.05859375
0 0.8953125 0.46484375 0.03125 0.059375
2 0.58828125 0.49375 0.028125 0.046875
2 0.71640625 0.5203125 0.03515625 0.05625
0 0.5078125 0.5328125 0.0421875 0.08125
5 0.86171875 0.58984375 0.04140625 0.06796875
2 0.11015625 0.625 0.0546875 0.1015625
5 0.65859375 0.6640625 0.04296875 0.09921875
2 0.2296875 0.77265625 0.05234375 0.08046875