2 0.41796875 0.33046875 0.0109375 0.0203125
2 0.31796875 0.33359375 0.0109375 0.02265625
0 0.45625 0.3359375 0.0125 0.0234375
2 0.3609375 0.34375 0.0125 0.0265625
2 0.4984375 0.34609375 0.01328125 0.025
2 0.265625 0.371875 0.01015625 0.03046875
0 0.2953125 0.3765625 0.015625 0.03046875
2 0.13125 0.3921875 0.0171875 0.02734375
0 0.3578125 0.3921875 0.01171875 0.02578125
2 0.16953125 0.40703125 0.0203125 0.03828125
0 0.68984375 0.41015625 0.02109375 0.040625
2 0.909375 0.42421875 0.02265625 0.03515625
0 0.746875 0.434375 0.02265625 0.0421875
2 0.5265625 0.4515625 0.0234375 0.0453125
0 0.89296875 0.4625 0.02734375 0.0484375
0 0.58984375 0.4828125 0.02265625 0.05
2 0.70234375 0.55546875 0.03046875 0.04609375
0 0.86875 0.56484375 0.0359375 0.0671875
2 0.46796875 0.5953125 0.0375 0.0671875
2 0.6421875 0.6546875 0.03671875 0.0921875