2 0.31953125 0.33203125 0.01953125 0.03203125
0 0.125 0.37265625 0.0234375 0.034375
2 0.071875 0.37421875 0.0265625 0.02890625
0 0.2921875 0.37578125 0.0171875 0.0328125
2 0.2578125 0.37890625 0.01875 0.03203125
0 0.35625 0.39140625 0.015625 0.03515625
2 0.16796875 0.4 0.0296875 0.04453125
0 0.7 0.41640625 0.02265625 0.05078125
2 0.90625 0.425 0.0234375 0.0421875
2 0.7640625 0.45234375 0.02578125 0.05390625
2 0.52734375 0.4546875 0.028125 0.05078125
0 0.94765625 0.4890625 0.0375 0.0578125
2 0.58828125 0.496875 0.02890625 0.05234375
2 0.7125 0.5171875 0.04765625 0.10078125
0 0.85 0.58203125 0.0375 0.08359375
2 0.47265625 0.5859375 0.04375 0.08125
2 0.0234375 0.6625 0.046875 0.07890625
2 0.65625 0.68828125 0.04453125 0.10078125
2 0.17421875 0.81640625 0.065625 0.075