0 0.66796875 0.43359375 0.01171875 0.01953125
0 0.54375 0.44140625 0.009375 0.01953125
2 0.6984375 0.4578125 0.0140625 0.02578125
2 0.859375 0.4578125 0.01796875 0.0296875
2 0.5140625 0.46796875 0.01328125 0.0234375
2 0.76796875 0.46875 0.015625 0.02265625
2 0.30703125 0.48515625 0.0125 0.0265625
0 0.34296875 0.4859375 0.01328125 0.02109375
2 0.4265625 0.490625 0.015625 0.02734375
2 0.6234375 0.50390625 0.0125 0.0265625
5 0.70234375 0.51015625 0.01484375 0.0265625
2 0.7859375 0.52578125 0.01875 0.03046875
0 0.253125 0.52890625 0.01484375 0.02421875
0 0.29765625 0.52890625 0.0171875 0.02421875
2 0.21953125 0.5296875 0.0125 0.02265625
0 0.3328125 0.534375 0.01953125 0.0234375
0 0.39609375 0.5421875 0.0171875 0.0296875
5 0.6859375 0.565625 0.02265625 0.04453125
0 0.56796875 0.56875 0.01953125 0.0421875
5 0.8265625 0.5875 0.02578125 0.053125