0 0.26875 0.3734375 0.0109375 0.03203125
0 0.28984375 0.375 0.015625 0.03125
0 0.13046875 0.38125 0.021875 0.03828125
0 0.3578125 0.38359375 0.015625 0.0328125
2 0.165625 0.39453125 0.02734375 0.0484375
0 0.69921875 0.4125 0.021875 0.0390625
0 0.90703125 0.4234375 0.02265625 0.03984375
0 0.7484375 0.43046875 0.02265625 0.04765625
0 0.5234375 0.44609375 0.0234375 0.05078125
0 0.94609375 0.47421875 0.028125 0.05625
2 0.58984375 0.4953125 0.02578125 0.04921875
0 0.69296875 0.5125 0.02890625 0.0609375
2 0.471875 0.5640625 0.05078125 0.0890625
0 0.853125 0.5734375 0.03828125 0.0765625
0 0.11640625 0.61328125 0.0421875 0.09296875
0 0.65546875 0.6859375 0.04140625 0.096875