2 0.31640625 0.33359375 0.01328125 0.0265625
2 0.3609375 0.3375 0.015625 0.0265625
2 0.08203125 0.36953125 0.01640625 0.0328125
0 0.29453125 0.37578125 0.01328125 0.0296875
0 0.2546875 0.37734375 0.01328125 0.03671875
2 0.13046875 0.39453125 0.01796875 0.03671875
0 0.36328125 0.39453125 0.01484375 0.034375
2 0.15546875 0.40625 0.021875 0.0421875
0 0.678125 0.4125 0.01953125 0.0421875
2 0.91015625 0.43125 0.01953125 0.0421875
2 0.76015625 0.4453125 0.021875 0.04921875
2 0.52421875 0.453125 0.0203125 0.04921875
0 0.9328125 0.4703125 0.0265625 0.05390625
0 0.59296875 0.48203125 0.025 0.0578125
2 0.71015625 0.53125 0.03125 0.0625
5 0.48046875 0.57734375 0.04375 0.0859375
0 0.875 0.5796875 0.0390625 0.084375
0 0.6515625 0.6796875 0.0484375 0.09765625
0 0.21640625 0.74921875 0.059375 0.08359375