2 0.85546875 0.46015625 0.01953125 0.03671875
2 0.34453125 0.48984375 0.01484375 0.02734375
2 0.28984375 0.496875 0.015625 0.034375
0 0.69609375 0.5 0.01875 0.03828125
0 0.76328125 0.50625 0.0203125 0.0359375
2 0.62421875 0.51015625 0.02109375 0.0421875
2 0.296875 0.5296875 0.01640625 0.03359375
2 0.34296875 0.53203125 0.02421875 0.04140625
2 0.39296875 0.553125 0.01796875 0.03828125
2 0.690625 0.56484375 0.02734375 0.0546875
2 0.5734375 0.58046875 0.02109375 0.046875
5 0.84609375 0.60390625 0.0296875 0.05625