2 0.37890625 0.3171875 0.009375 0.02265625
2 0.42109375 0.3328125 0.0109375 0.01953125
2 0.31796875 0.3328125 0.0109375 0.02265625
2 0.45546875 0.33671875 0.0109375 0.02265625
2 0.34765625 0.3375 0.01171875 0.0265625
2 0.49453125 0.34921875 0.0125 0.0234375
0 0.26875 0.36875 0.01328125 0.0265625
5 0.09375 0.37109375 0.015625 0.0328125
0 0.296875 0.37734375 0.01484375 0.03046875
2 0.35859375 0.3984375 0.01171875 0.021875
0 0.68515625 0.40703125 0.0234375 0.0453125
5 0.1359375 0.41640625 0.01796875 0.03359375
2 0.90859375 0.4234375 0.01796875 0.0453125
0 0.76171875 0.4453125 0.0203125 0.04375
2 0.52734375 0.4515625 0.0234375 0.04375
2 0.921875 0.4671875 0.02421875 0.04765625
0 0.59296875 0.48671875 0.02578125 0.05
2 0.71328125 0.5203125 0.03046875 0.059375
0 0.8671875 0.57109375 0.03671875 0.07421875
5 0.47265625 0.58828125 0.04609375 0.08046875
2 0.65 0.6703125 0.03828125 0.08984375