0 0.07109375 0.36953125 0.0171875 0.0328125
0 0.2875 0.37578125 0.0109375 0.02890625
0 0.2515625 0.38203125 0.0171875 0.03203125
0 0.12890625 0.384375 0.02109375 0.0359375
0 0.3578125 0.38984375 0.0140625 0.0328125
0 0.16796875 0.4 0.02265625 0.04375
2 0.69765625 0.4328125 0.01875 0.0421875
2 0.90625 0.4328125 0.02109375 0.03671875
2 0.7671875 0.45390625 0.0234375 0.04765625
2 0.53203125 0.45703125 0.0203125 0.04375
0 0.94765625 0.48046875 0.03125 0.06328125
2 0.596875 0.48984375 0.02421875 0.0515625
2 0.7109375 0.52734375 0.02890625 0.0515625
0 0.875 0.55859375 0.034375 0.0765625
2 0.46953125 0.58515625 0.05078125 0.0671875
0 0.6046875 0.6578125 0.03828125 0.09921875