2 0.71015625 0.43046875 0.01484375 0.02734375
2 0.67265625 0.4359375 0.01328125 0.02421875
2 0.86875 0.46015625 0.0203125 0.03671875
2 0.77890625 0.4609375 0.0171875 0.02734375
2 0.68828125 0.465625 0.015625 0.02265625
2 0.47109375 0.47265625 0.01328125 0.02578125
2 0.4234375 0.48984375 0.01796875 0.0234375
0 0.3421875 0.49140625 0.01640625 0.02109375
2 0.31171875 0.4921875 0.01328125 0.01953125
2 0.69140625 0.50859375 0.01484375 0.03125
2 0.62578125 0.51796875 0.0125 0.03125
2 0.765625 0.525 0.01640625 0.03359375
2 0.30234375 0.53515625 0.01796875 0.0296875
2 0.378125 0.553125 0.01953125 0.03203125
2 0.6875 0.57578125 0.02890625 0.05234375
2 0.83515625 0.61171875 0.03203125 0.05234375