0 0.31953125 0.33203125 0.01328125 0.028125
0 0.3484375 0.3421875 0.01484375 0.034375
0 0.0890625 0.371875 0.021875 0.04375
0 0.24921875 0.371875 0.015625 0.0296875
2 0.296875 0.37578125 0.015625 0.0328125
0 0.35625 0.3921875 0.01328125 0.0296875
2 0.14609375 0.41015625 0.0234375 0.0421875
2 0.6890625 0.4125 0.025 0.04921875
2 0.909375 0.42578125 0.0234375 0.0390625
2 0.7671875 0.44140625 0.0234375 0.053125
2 0.52890625 0.45 0.028125 0.05703125
2 0.90703125 0.478125 0.0359375 0.05078125
2 0.59296875 0.49140625 0.03046875 0.06015625
2 0.71640625 0.53203125 0.03515625 0.06015625
0 0.85546875 0.56640625 0.03828125 0.08125
2 0.46015625 0.61171875 0.0453125 0.08203125
0 0.11015625 0.6125 0.0421875 0.0859375
2 0.6640625 0.67734375 0.05078125 0.103125
0 0.2265625 0.76875 0.05390625 0.07890625