5 0.31484375 0.3375 0.0203125 0.03125
2 0.359375 0.34375 0.0171875 0.034375
2 0.26875 0.36953125 0.015625 0.03046875
5 0.09296875 0.37109375 0.0234375 0.0375
5 0.12265625 0.3828125 0.021875 0.0390625
2 0.359375 0.39375 0.01796875 0.03125
2 0.18046875 0.39921875 0.02421875 0.04296875
2 0.703125 0.41484375 0.02421875 0.046875
2 0.9078125 0.4296875 0.02265625 0.03515625
0 0.75703125 0.4328125 0.0265625 0.05390625
2 0.534375 0.46640625 0.02265625 0.0375
2 0.58515625 0.48046875 0.02421875 0.0484375
0 0.9390625 0.48125 0.028125 0.05546875
2 0.71796875 0.53984375 0.0296875 0.053125
2 0.50546875 0.5625 0.03515625 0.08203125
0 0.8625 0.57421875 0.03671875 0.07578125
5 0.6515625 0.65390625 0.0484375 0.10703125
2 0.02578125 0.66171875 0.0515625 0.08203125