2 0.31796875 0.334375 0.0125 0.01953125
2 0.265625 0.37265625 0.01015625 0.028125
0 0.2953125 0.3734375 0.0140625 0.02890625
2 0.1296875 0.38515625 0.015625 0.03359375
2 0.07578125 0.39140625 0.0171875 0.025
0 0.3578125 0.39296875 0.01171875 0.02421875
2 0.16953125 0.40625 0.0171875 0.034375
0 0.68828125 0.40859375 0.021875 0.03828125
0 0.7453125 0.43984375 0.01875 0.04921875
0 0.915625 0.45234375 0.02734375 0.0515625
5 0.52265625 0.45625 0.0234375 0.04375
0 0.5890625 0.48203125 0.021875 0.04609375
2 0.5171875 0.534375 0.03046875 0.07734375
2 0.6984375 0.55625 0.03046875 0.03984375
0 0.86875 0.56640625 0.03203125 0.06328125
2 0.6 0.67421875 0.04765625 0.08359375