2 0.2984375 0.371875 0.015625 0.03203125
2 0.0734375 0.3734375 0.02109375 0.025
2 0.271875 0.37421875 0.0125 0.03203125
2 0.36171875 0.38203125 0.015625 0.03203125
5 0.13359375 0.384375 0.0171875 0.03828125
0 0.17578125 0.4 0.0171875 0.03671875
2 0.90625 0.4234375 0.01875 0.034375
5 0.6953125 0.42734375 0.01875 0.0453125
2 0.53046875 0.453125 0.02734375 0.05703125
2 0.7578125 0.4640625 0.02421875 0.0453125
2 0.89296875 0.471875 0.02578125 0.0515625
2 0.58671875 0.49765625 0.02578125 0.0515625
2 0.71484375 0.528125 0.0296875 0.05390625
5 0.5140625 0.5453125 0.04296875 0.07421875
5 0.85390625 0.56875 0.03359375 0.06875
2 0.1015625 0.64921875 0.05234375 0.075
0 0.6578125 0.65390625 0.04765625 0.096875
0 0.228125 0.771875 0.06171875 0.0640625