5 0.46015625 0.3359375 0.01796875 0.03046875
0 0.075 0.371875 0.0265625 0.03984375
0 0.25 0.375 0.01953125 0.0375
0 0.2921875 0.37578125 0.01953125 0.03515625
2 0.12734375 0.37890625 0.021875 0.03515625
0 0.35546875 0.3890625 0.0171875 0.03046875
2 0.1671875 0.40546875 0.02734375 0.046875
0 0.68828125 0.41484375 0.02265625 0.04921875
2 0.90234375 0.4203125 0.03046875 0.0703125
0 0.75390625 0.43671875 0.02578125 0.0515625
2 0.528125 0.4515625 0.02578125 0.046875
0 0.92734375 0.465625 0.0359375 0.05703125
2 0.7125 0.5109375 0.04765625 0.12265625
5 0.59921875 0.51640625 0.034375 0.06484375
0 0.51171875 0.52265625 0.034375 0.0796875
2 0.8546875 0.61171875 0.040625 0.07265625
2 0.03515625 0.65 0.053125 0.07734375
2 0.62890625 0.67421875 0.06875 0.15078125