5 0.39921875 0.31328125 0.0140625 0.03515625
0 0.31640625 0.328125 0.0171875 0.03125
2 0.346875 0.3421875 0.01796875 0.03515625
0 0.09296875 0.3703125 0.0265625 0.04375
2 0.3015625 0.375 0.01875 0.034375
2 0.1328125 0.37890625 0.02421875 0.04296875
2 0.3625 0.3953125 0.01875 0.0328125
2 0.14921875 0.40625 0.03125 0.04765625
0 0.684375 0.41328125 0.0234375 0.04453125
2 0.909375 0.421875 0.02578125 0.04453125
0 0.76171875 0.43046875 0.0265625 0.05625
2 0.52890625 0.4515625 0.028125 0.05234375
0 0.921875 0.46015625 0.03125 0.059375
2 0.5921875 0.48828125 0.03125 0.06015625
2 0.7125 0.521875 0.03515625 0.0703125
2 0.49921875 0.53984375 0.04375 0.09765625
2 0.8640625 0.57890625 0.04375 0.08359375
2 0.03359375 0.64453125 0.06640625 0.09375
5 0.653125 0.6625 0.0453125 0.1015625
0 0.2140625 0.7515625 0.07421875 0.09921875