5 0.31875 0.33125 0.01328125 0.028125
0 0.07421875 0.37109375 0.01953125 0.02890625
2 0.2640625 0.3734375 0.0109375 0.02734375
2 0.28828125 0.37734375 0.0140625 0.02578125
2 0.11328125 0.3859375 0.01875 0.0265625
2 0.35625 0.3953125 0.01328125 0.02421875
2 0.16171875 0.4109375 0.02109375 0.0328125
5 0.6953125 0.415625 0.01796875 0.0375
2 0.90546875 0.428125 0.01875 0.028125
2 0.75390625 0.446875 0.0203125 0.0421875
5 0.51328125 0.45390625 0.0203125 0.0375
0 0.9453125 0.478125 0.0265625 0.0515625
2 0.5859375 0.496875 0.0203125 0.04140625
2 0.71640625 0.53984375 0.0265625 0.04453125
0 0.46875 0.56171875 0.0359375 0.07734375
2 0.8609375 0.6140625 0.0390625 0.065625
0 0.11640625 0.6171875 0.03203125 0.0828125
0 0.65234375 0.65625 0.03125 0.103125
2 0.1421875 0.84921875 0.053125 0.0578125