2 0.43203125 0.32109375 0.0125 0.02734375
2 0.38671875 0.3234375 0.01328125 0.02265625
2 0.45078125 0.33671875 0.015625 0.02734375
2 0.32578125 0.34765625 0.01484375 0.028125
2 0.35703125 0.35078125 0.01640625 0.02890625
2 0.5 0.35078125 0.01640625 0.0296875
2 0.2109375 0.35546875 0.01640625 0.02734375
2 0.23828125 0.375 0.01796875 0.034375
2 0.0828125 0.37578125 0.02265625 0.03515625
2 0.13046875 0.37734375 0.01875 0.03515625
2 0.28203125 0.3828125 0.0171875 0.03828125
2 0.35234375 0.39609375 0.01484375 0.0328125
2 0.15 0.40234375 0.01796875 0.040625
2 0.76875 0.440625 0.02734375 0.05625
2 0.90078125 0.459375 0.03046875 0.059375
2 0.5984375 0.49453125 0.03359375 0.05078125
2 0.71328125 0.5203125 0.0328125 0.0625
2 0.85546875 0.571875 0.04140625 0.06171875
2 0.4625 0.603125 0.04609375 0.08046875
2 0.575 0.628125 0.0484375 0.09296875