2 0.31796875 0.33515625 0.01328125 0.021875
0 0.26796875 0.3671875 0.0140625 0.02890625
0 0.28984375 0.375 0.01328125 0.02890625
0 0.35390625 0.39140625 0.0140625 0.025
2 0.1640625 0.403125 0.0171875 0.03828125
0 0.7015625 0.41171875 0.01796875 0.040625
2 0.90234375 0.42890625 0.01875 0.03203125
2 0.53359375 0.4546875 0.0234375 0.0453125
2 0.7640625 0.45703125 0.0203125 0.040625
2 0.9203125 0.46640625 0.0265625 0.05
2 0.58828125 0.49140625 0.025 0.0453125
2 0.7078125 0.52109375 0.02578125 0.05546875
0 0.86484375 0.55625 0.03046875 0.06953125
0 0.46875 0.6015625 0.03125 0.08203125
2 0.11484375 0.62578125 0.03515625 0.08046875
0 0.5921875 0.68828125 0.03984375 0.10078125