2 0.3140625 0.31640625 0.0109375 0.021875
2 0.44765625 0.3265625 0.01328125 0.0234375
2 0.41796875 0.328125 0.0109375 0.02265625
2 0.49921875 0.3515625 0.0140625 0.025
2 0.28046875 0.38125 0.01484375 0.02421875
2 0.0796875 0.38359375 0.01953125 0.025
2 0.35234375 0.39765625 0.01171875 0.0234375
2 0.90859375 0.4296875 0.02109375 0.03984375
2 0.7609375 0.44375 0.0234375 0.0453125
2 0.6046875 0.4921875 0.025 0.04765625
2 0.7015625 0.50703125 0.0265625 0.05703125
2 0.8546875 0.56171875 0.03046875 0.059375
2 0.496875 0.57421875 0.0375 0.0578125
2 0.65546875 0.65390625 0.040625 0.090625