0 0.8625 0.45546875 0.01640625 0.03203125
0 0.69140625 0.45546875 0.01640625 0.02578125
2 0.29921875 0.49375 0.0125 0.0234375
0 0.69296875 0.49765625 0.0171875 0.0375
0 0.62578125 0.4984375 0.0140625 0.034375
0 0.75390625 0.51484375 0.01875 0.03515625
0 0.3078125 0.52421875 0.01328125 0.03203125
0 0.32421875 0.5421875 0.01875 0.03125
2 0.36953125 0.55078125 0.01640625 0.03046875
0 0.684375 0.559375 0.034375 0.0515625
0 0.553125 0.56484375 0.02890625 0.04765625
0 0.85546875 0.5828125 0.03671875 0.07265625