2 0.3875 0.32109375 0.0125 0.021875
2 0.31875 0.328125 0.01640625 0.0296875
2 0.434375 0.3296875 0.01328125 0.0265625
2 0.45546875 0.3375 0.01328125 0.021875
2 0.3609375 0.3453125 0.01640625 0.03515625
2 0.4984375 0.34921875 0.01484375 0.03203125
2 0.240625 0.37421875 0.01484375 0.034375
2 0.12734375 0.378125 0.01953125 0.034375
2 0.28125 0.38203125 0.0171875 0.0296875
2 0.08046875 0.38984375 0.02421875 0.03671875
2 0.3515625 0.3953125 0.0140625 0.03203125
2 0.1609375 0.39609375 0.0234375 0.04140625
2 0.90859375 0.41953125 0.02265625 0.0453125
2 0.7671875 0.440625 0.02734375 0.06875
2 0.9484375 0.4609375 0.03671875 0.0609375
2 0.596875 0.48828125 0.028125 0.05625
2 0.71953125 0.50234375 0.0359375 0.0640625
2 0.853125 0.54765625 0.03828125 0.078125
2 0.48046875 0.5796875 0.03828125 0.08125
2 0.64921875 0.6546875 0.04140625 0.096875