0 0.2984375 0.3765625 0.015625 0.0328125
2 0.0875 0.37734375 0.01953125 0.03046875
0 0.109375 0.38515625 0.01953125 0.03515625
2 0.35234375 0.39453125 0.015625 0.03125
2 0.16328125 0.396875 0.025 0.0375
2 0.9078125 0.41953125 0.021875 0.04296875
2 0.690625 0.42109375 0.0140625 0.0421875
0 0.51953125 0.44765625 0.0265625 0.053125
2 0.7609375 0.45078125 0.02578125 0.053125
0 0.925 0.46796875 0.025 0.05390625
2 0.5921875 0.4890625 0.02265625 0.053125
2 0.71640625 0.528125 0.02890625 0.05703125
2 0.50703125 0.54453125 0.0375 0.08046875
2 0.83125 0.565625 0.03046875 0.0671875
2 0.65 0.6734375 0.04296875 0.09375