0 0.32578125 0.325 0.015625 0.028125
2 0.2640625 0.375 0.01484375 0.0328125
0 0.29921875 0.37734375 0.01640625 0.02890625
0 0.08046875 0.37890625 0.0171875 0.0328125
0 0.35859375 0.390625 0.0140625 0.02890625
2 0.16484375 0.40546875 0.02109375 0.0390625
2 0.68359375 0.4234375 0.02578125 0.03984375
2 0.90859375 0.43125 0.021875 0.0359375
2 0.525 0.45234375 0.02421875 0.0484375
2 0.74453125 0.46171875 0.02265625 0.04140625
0 0.93828125 0.47421875 0.0296875 0.06015625
2 0.5953125 0.4921875 0.025 0.05546875
2 0.71484375 0.52265625 0.03046875 0.0625
0 0.859375 0.54140625 0.03984375 0.07109375
2 0.4734375 0.57578125 0.040625 0.07578125
2 0.65390625 0.66640625 0.0375 0.09921875