0 0.0890625 0.37109375 0.0171875 0.03359375
0 0.29765625 0.37578125 0.01484375 0.03203125
2 0.25625 0.37734375 0.01484375 0.028125
0 0.10859375 0.384375 0.01796875 0.034375
2 0.35234375 0.39453125 0.01328125 0.025
2 0.13515625 0.41171875 0.02734375 0.03828125
2 0.69140625 0.41875 0.025 0.0421875
2 0.90859375 0.42578125 0.02109375 0.04140625
0 0.7625 0.4328125 0.0296875 0.05
2 0.51875 0.4515625 0.02734375 0.05625
0 0.940625 0.47578125 0.03203125 0.06171875
2 0.61015625 0.49765625 0.02578125 0.0578125
0 0.7078125 0.521875 0.02734375 0.05546875
0 0.50078125 0.54140625 0.03515625 0.08359375
0 0.83125 0.56796875 0.03125 0.0671875
2 0.66953125 0.7546875 0.04921875 0.0984375