2 0.43203125 0.33125 0.01015625 0.01875
2 0.31796875 0.33515625 0.0125 0.02109375
0 0.45625 0.3359375 0.0109375 0.02109375
0 0.36015625 0.34765625 0.0125 0.025
2 0.49765625 0.3515625 0.0125 0.01796875
0 0.2953125 0.375 0.0125 0.0296875
2 0.25390625 0.37734375 0.01015625 0.0265625
0 0.1296875 0.3828125 0.0140625 0.03125
0 0.3578125 0.39140625 0.0125 0.02421875
2 0.16875 0.40546875 0.015625 0.03671875
0 0.68671875 0.40859375 0.021875 0.04296875
2 0.7546875 0.4515625 0.02421875 0.04921875
2 0.5234375 0.4546875 0.02734375 0.046875
0 0.88984375 0.4625 0.025 0.0515625
2 0.590625 0.50390625 0.01953125 0.0546875
2 0.7 0.55703125 0.0296875 0.04609375
0 0.86875 0.56875 0.03046875 0.06640625
2 0.47421875 0.58515625 0.04609375 0.07578125
0 0.62734375 0.6984375 0.03984375 0.096875