2 0.31796875 0.3359375 0.015625 0.0234375
2 0.3609375 0.34453125 0.015625 0.03046875
2 0.2703125 0.37265625 0.0140625 0.03203125
0 0.28984375 0.3765625 0.015625 0.028125
2 0.12578125 0.38046875 0.01953125 0.0328125
2 0.08125 0.38359375 0.02109375 0.034375
0 0.35625 0.3890625 0.01484375 0.02890625
2 0.1671875 0.4015625 0.01875 0.04296875
0 0.7 0.4109375 0.02265625 0.05
0 0.90703125 0.41953125 0.021875 0.0421875
0 0.75859375 0.43359375 0.02421875 0.0515625
0 0.52890625 0.44765625 0.02734375 0.04453125
0 0.91796875 0.46640625 0.0265625 0.0453125
2 0.58828125 0.5078125 0.025 0.03984375
2 0.71171875 0.52578125 0.0328125 0.0515625
0 0.86640625 0.56015625 0.0390625 0.07734375
2 0.4578125 0.60859375 0.05078125 0.0765625
0 0.12109375 0.60859375 0.04375 0.09140625
0 0.5859375 0.69140625 0.0484375 0.0953125