0 0.1984375 0.33828125 0.0328125 0.059375
0 0.45625 0.34296875 0.0359375 0.07734375
0 0.0828125 0.346875 0.03046875 0.06015625
0 0.6078125 0.35546875 0.03828125 0.06484375
0 0.85703125 0.4046875 0.05078125 0.1125
0 0.33515625 0.40546875 0.040625 0.06796875
0 0.66796875 0.4703125 0.046875 0.1203125
2 0.36484375 0.49609375 0.03359375 0.10390625
0 0.52265625 0.50625 0.046875 0.10703125
0 0.06484375 0.56484375 0.04140625 0.0796875
2 0.1765625 0.578125 0.0453125 0.07578125
0 0.24609375 0.6203125 0.0515625 0.125
0 0.44453125 0.62578125 0.053125 0.128125
0 0.765625 0.2046875 0.0328125 0.05859375
5 0.90859375 0.20859375 0.0375 0.059375
0 0.83203125 0.24765625 0.03828125 0.065625
0 0.31484375 0.2578125 0.02734375 0.040625
0 0.58828125 0.2640625 0.04375 0.05625
0 0.69765625 0.27578125 0.0328125 0.06171875
0 0.38515625 0.29609375 0.03046875 0.05703125
2 0.28125 0.3140625 0.03046875 0.05