4 0.0390625 0.58671875 0.0765625 0.18046875
4 0.23125 0.41953125 0.053125 0.09921875
4 0.27109375 0.3890625 0.0484375 0.0765625
4 0.29765625 0.43125 0.04921875 0.090625
4 0.33046875 0.38984375 0.04140625 0.06640625
4 0.4859375 0.39765625 0.05625 0.08046875
4 0.540625 0.39453125 0.04765625 0.084375
4 0.54921875 0.43359375 0.05390625 0.09921875
4 0.47265625 0.43359375 0.04375 0.09375
4 0.48515625 0.5203125 0.0765625 0.13359375
4 0.584375 0.52265625 0.08828125 0.15546875
4 0.71953125 0.40234375 0.05390625 0.09375
4 0.796875 0.45859375 0.08671875 0.10859375