4 0.0390625 0.5875 0.07734375 0.17734375
4 0.228125 0.42578125 0.059375 0.1015625
4 0.296875 0.4296875 0.05625 0.0984375
4 0.2703125 0.38984375 0.04609375 0.084375
4 0.3296875 0.38984375 0.04453125 0.08046875
4 0.47265625 0.43671875 0.0390625 0.096875
4 0.484375 0.4015625 0.053125 0.0828125
4 0.540625 0.39765625 0.04453125 0.0828125
4 0.54921875 0.4359375 0.05078125 0.1015625
4 0.48671875 0.51953125 0.07578125 0.13515625
4 0.58515625 0.5234375 0.08671875 0.1375
4 0.79765625 0.45859375 0.07890625 0.11328125
4 0.72265625 0.409375 0.0546875 0.0890625