0 0.56171875 0.2671875 0.04296875 0.08515625
0 0.20390625 0.28125 0.0640625 0.13046875
0 0.6375 0.35859375 0.06875 0.13671875
0 0.8015625 0.04375 0.0265625 0.04765625
0 0.06328125 0.4671875 0.05234375 0.13515625
0 0.65390625 0.61328125 0.11796875 0.25390625
0 0.1015625 0.10859375 0.03359375 0.05625
0 0.7546875 0.1109375 0.0296875 0.0578125
0 0.653125 0.14296875 0.04140625 0.07265625
0 0.56484375 0.14453125 0.03203125 0.06484375
0 0.89609375 0.15234375 0.04921875 0.07265625
0 0.72890625 0.21328125 0.053125 0.0921875
0 0.06015625 0.2359375 0.0375 0.07578125
0 0.33984375 0.2421875 0.0359375 0.0703125