0 0.5625 0.309375 0.03359375 0.075
0 0.27578125 0.35859375 0.05625 0.1375
0 0.0546875 0.3828125 0.0578125 0.1375
2 0.3921875 0.390625 0.0609375 0.134375
2 0.58125 0.4140625 0.04375 0.08984375
0 0.65078125 0.46171875 0.05859375 0.13125
2 0.4484375 0.47890625 0.0828125 0.17109375
0 0.1609375 0.4921875 0.0703125 0.1734375
0 0.31796875 0.6125 0.078125 0.16484375
2 0.02109375 0.1296875 0.034375 0.07890625
2 0.24609375 0.20078125 0.03203125 0.06875
0 0.4609375 0.228125 0.0359375 0.0703125
5 0.3234375 0.2296875 0.034375 0.06953125
2 0.39140625 0.2671875 0.03671875 0.08359375
0 0.16171875 0.29453125 0.05 0.10703125