0 0.9234375 0.2890625 0.06484375 0.10546875
2 0.4484375 0.3 0.07109375 0.0890625
0 0.58984375 0.346875 0.084375 0.115625
0 0.68203125 0.4765625 0.07578125 0.1125
0 0.084375 0.5265625 0.08828125 0.11796875
0 0.2671875 0.05546875 0.0515625 0.06875
0 0.59140625 0.05625 0.0421875 0.07734375
0 0.871875 0.0875 0.05 0.08046875
0 0.12265625 0.09453125 0.05859375 0.0765625
0 0.49765625 0.11171875 0.053125 0.07265625
0 0.3171875 0.12890625 0.0515625 0.07890625
0 0.728125 0.14375 0.05625 0.08828125
0 0.5953125 0.20546875 0.06484375 0.09453125
0 0.140625 0.21875 0.05859375 0.09375