2 0.14140625 0.42578125 0.04453125 0.0859375
2 0.05625 0.43046875 0.04609375 0.09140625
2 0.2421875 0.4453125 0.025 0.05703125
0 0.55625 0.446875 0.01640625 0.0375
2 0.78046875 0.446875 0.02265625 0.06015625
2 0.7265625 0.45 0.03515625 0.0828125
0 0.46484375 0.45078125 0.01796875 0.04609375
2 0.6421875 0.45390625 0.03671875 0.08125
0 0.91484375 0.45859375 0.02578125 0.0421875
0 0.39609375 0.459375 0.028125 0.0640625
2 0.97890625 0.4609375 0.0390625 0.0875
2 0.81015625 0.4625 0.0359375 0.075
5 0.34765625 0.46796875 0.02734375 0.07890625
2 0.27421875 0.48046875 0.028125 0.0609375