2 0.1390625 0.3734375 0.0578125 0.13515625
2 0.05234375 0.41875 0.05078125 0.0875
2 0.74921875 0.434375 0.04296875 0.10546875
0 0.46953125 0.4421875 0.01484375 0.05
0 0.55546875 0.44375 0.01796875 0.04296875
2 0.64453125 0.44375 0.04140625 0.1015625
2 0.24921875 0.44453125 0.0203125 0.0609375
0 0.81796875 0.45078125 0.03359375 0.08203125
0 0.915625 0.4578125 0.0234375 0.0515625
2 0.984375 0.46171875 0.03125 0.10703125
2 0.34140625 0.4671875 0.03671875 0.096875
2 0.403125 0.47265625 0.034375 0.08203125
2 0.59453125 0.47265625 0.025 0.07109375
2 0.278125 0.4828125 0.02890625 0.0734375