0 0.15 0.38828125 0.04765625 0.1015625
2 0.05546875 0.42734375 0.04453125 0.090625
2 0.2390625 0.4453125 0.0265625 0.06328125
2 0.78359375 0.44609375 0.02109375 0.05546875
0 0.55703125 0.44609375 0.01484375 0.03359375
0 0.9796875 0.446875 0.040625 0.08359375
0 0.91875 0.44921875 0.01953125 0.0421875
2 0.4625 0.45 0.021875 0.05078125
2 0.73046875 0.45859375 0.03984375 0.09140625
2 0.640625 0.46328125 0.0375 0.078125
2 0.81328125 0.46484375 0.03359375 0.0765625
2 0.3890625 0.465625 0.03359375 0.075
0 0.3453125 0.46640625 0.0328125 0.08046875
2 0.275 0.484375 0.02890625 0.059375