2 0.13671875 0.4171875 0.046875 0.0984375
2 0.04140625 0.43515625 0.05234375 0.09453125
0 0.56015625 0.4453125 0.0171875 0.03359375
2 0.24140625 0.446875 0.021875 0.05546875
2 0.73359375 0.4484375 0.03359375 0.0859375
2 0.7796875 0.4484375 0.02265625 0.05546875
2 0.4640625 0.45078125 0.01953125 0.04765625
2 0.64140625 0.4546875 0.0359375 0.08203125
2 0.6671875 0.4546875 0.01953125 0.04765625
2 0.9765625 0.45546875 0.0375 0.0875
0 0.91640625 0.45859375 0.02421875 0.04921875
2 0.39375 0.459375 0.03125 0.065625
2 0.80859375 0.46328125 0.0390625 0.07578125
0 0.34609375 0.465625 0.03046875 0.07890625
2 0.27421875 0.4859375 0.028125 0.0546875