0 0.146875 0.39453125 0.0453125 0.096875
2 0.0625 0.4140625 0.0453125 0.09765625
2 0.46640625 0.4453125 0.01953125 0.04140625
2 0.78359375 0.446875 0.025 0.05546875
0 0.98046875 0.44765625 0.0390625 0.0828125
2 0.240625 0.44765625 0.02109375 0.05234375
2 0.5578125 0.44765625 0.01640625 0.034375
0 0.91328125 0.453125 0.02109375 0.03984375
2 0.72265625 0.45546875 0.03203125 0.08125
2 0.81640625 0.4640625 0.03125 0.071875
0 0.3453125 0.465625 0.0296875 0.0796875
2 0.64375 0.4671875 0.0328125 0.07109375
2 0.3890625 0.46796875 0.03046875 0.06484375
0 0.6015625 0.4765625 0.0234375 0.05625
2 0.27578125 0.48671875 0.02734375 0.05625