0 0.15234375 0.396875 0.05859375 0.14453125
0 0.05625 0.41484375 0.05546875 0.103125
2 0.66875 0.434375 0.02109375 0.0546875
2 0.7484375 0.4375 0.0453125 0.1046875
0 0.46953125 0.440625 0.0171875 0.05
0 0.55625 0.440625 0.0171875 0.0421875
2 0.24296875 0.4453125 0.025 0.05703125
2 0.6375 0.446875 0.03828125 0.09375
0 0.9109375 0.45625 0.0296875 0.06015625
2 0.8109375 0.46328125 0.03828125 0.0859375
2 0.39609375 0.4640625 0.03515625 0.0859375
2 0.35703125 0.4671875 0.0296875 0.09296875
0 0.60078125 0.46875 0.02421875 0.0640625
2 0.98203125 0.46640625 0.0359375 0.10546875
2 0.275 0.48046875 0.02890625 0.07265625