0 0.1359375 0.38984375 0.05078125 0.10859375
0 0.065625 0.40625 0.04140625 0.084375
2 0.73984375 0.434375 0.03984375 0.0984375
0 0.46953125 0.44375 0.01953125 0.05078125
0 0.55546875 0.44375 0.01640625 0.0359375
0 0.8125 0.44453125 0.03671875 0.08671875
2 0.24453125 0.4453125 0.0234375 0.05390625
2 0.634375 0.44921875 0.034375 0.09140625
2 0.66484375 0.45078125 0.0171875 0.05546875
2 0.396875 0.4515625 0.03046875 0.078125
2 0.9796875 0.4546875 0.040625 0.08125
0 0.91328125 0.45703125 0.025 0.05546875
2 0.33984375 0.46015625 0.034375 0.09609375
0 0.59375 0.47578125 0.0234375 0.05546875
2 0.2828125 0.4828125 0.0265625 0.0671875