2 0.1546875 0.41796875 0.0453125 0.075
0 0.753125 0.425 0.0328125 0.08125
2 0.04453125 0.425 0.0390625 0.084375
0 0.3109375 0.43984375 0.01953125 0.04140625
0 0.24296875 0.44140625 0.0203125 0.0484375
0 0.471875 0.44296875 0.01640625 0.04296875
0 0.66640625 0.44453125 0.01796875 0.03984375
0 0.63671875 0.44453125 0.03203125 0.07578125
0 0.803125 0.4453125 0.03515625 0.06953125
0 0.55546875 0.4453125 0.01328125 0.0359375
2 0.984375 0.45859375 0.03046875 0.08203125
0 0.91640625 0.46015625 0.021875 0.04375
0 0.3953125 0.46328125 0.03046875 0.06484375
0 0.3484375 0.46484375 0.02421875 0.0765625
0 0.59453125 0.4796875 0.0234375 0.05390625
2 0.2765625 0.4828125 0.025 0.0546875