0 0.15 0.4 0.04609375 0.0890625
0 0.0515625 0.415625 0.03828125 0.07890625
0 0.75234375 0.42265625 0.0328125 0.07890625
0 0.30859375 0.4375 0.0171875 0.03984375
0 0.24296875 0.44296875 0.01953125 0.0515625
0 0.471875 0.44296875 0.01796875 0.040625
0 0.80390625 0.44375 0.034375 0.06875
0 0.55625 0.44453125 0.015625 0.0328125
0 0.665625 0.4453125 0.01796875 0.04375
0 0.63515625 0.44609375 0.03046875 0.07734375
2 0.984375 0.45703125 0.03046875 0.084375
2 0.3578125 0.459375 0.0203125 0.071875
0 0.915625 0.459375 0.0203125 0.0390625
0 0.39765625 0.46328125 0.02890625 0.0609375
5 0.59453125 0.478125 0.021875 0.0515625
2 0.27578125 0.48125 0.02421875 0.06171875