2 0.14453125 0.40859375 0.046875 0.10078125
2 0.046875 0.43046875 0.04765625 0.09453125
0 0.559375 0.4453125 0.02109375 0.05078125
2 0.240625 0.446875 0.02421875 0.0640625
0 0.46328125 0.44921875 0.02421875 0.04765625
2 0.72890625 0.45234375 0.03828125 0.090625
0 0.92578125 0.453125 0.025 0.046875
2 0.97890625 0.45546875 0.03984375 0.08828125
2 0.81328125 0.4625 0.0328125 0.07421875
2 0.63984375 0.4625 0.03671875 0.0828125
2 0.39140625 0.46328125 0.0421875 0.09296875
0 0.346875 0.46953125 0.03125 0.09296875
0 0.596875 0.47734375 0.0234375 0.05625
2 0.275 0.48125 0.03359375 0.06484375