2 0.15 0.4109375 0.05078125 0.1
0 0.753125 0.42265625 0.040625 0.09140625
2 0.04765625 0.4234375 0.05078125 0.09453125
0 0.3015625 0.4359375 0.02265625 0.04375
0 0.6359375 0.4375 0.03828125 0.0921875
0 0.55703125 0.4390625 0.01875 0.04375
0 0.24140625 0.44140625 0.0234375 0.05234375
0 0.6671875 0.44375 0.01875 0.05390625
0 0.8046875 0.44453125 0.03515625 0.0828125
0 0.46953125 0.4453125 0.021875 0.05546875
2 0.98203125 0.4515625 0.0359375 0.096875
0 0.3984375 0.4546875 0.03515625 0.07578125
0 0.915625 0.4578125 0.0234375 0.04921875
0 0.34765625 0.46640625 0.03828125 0.090625
0 0.59453125 0.471875 0.028125 0.059375
2 0.2765625 0.48359375 0.02578125 0.0671875