2 0.16796875 0.40390625 0.04296875 0.0796875
2 0.06875 0.41796875 0.04140625 0.08046875
0 0.753125 0.4234375 0.03359375 0.08125
0 0.3109375 0.4390625 0.02109375 0.040625
0 0.24296875 0.44296875 0.02265625 0.05625
0 0.471875 0.44375 0.01640625 0.04140625
2 0.78359375 0.44375 0.01953125 0.05234375
0 0.55546875 0.44453125 0.01328125 0.0296875
0 0.815625 0.4453125 0.03203125 0.06796875
0 0.63515625 0.4453125 0.03125 0.0765625
0 0.665625 0.4453125 0.0171875 0.0390625
2 0.41171875 0.45859375 0.0234375 0.059375
2 0.984375 0.459375 0.03046875 0.0828125
0 0.915625 0.459375 0.01953125 0.04140625
2 0.36875 0.46484375 0.0171875 0.0671875
0 0.59609375 0.48046875 0.02265625 0.046875
2 0.27421875 0.48125 0.028125 0.0609375