0 0.13203125 0.390625 0.04609375 0.09921875
0 0.0625 0.42109375 0.03671875 0.07734375
0 0.4671875 0.4453125 0.015625 0.03984375
0 0.98046875 0.4453125 0.0375 0.08359375
2 0.78359375 0.446875 0.02265625 0.053125
2 0.23984375 0.4484375 0.021875 0.0484375
2 0.5578125 0.4484375 0.0140625 0.03515625
0 0.915625 0.45390625 0.0203125 0.04296875
2 0.71875 0.46015625 0.03359375 0.0796875
2 0.64453125 0.46328125 0.0328125 0.07421875
2 0.81640625 0.4640625 0.03125 0.0734375
0 0.3453125 0.4671875 0.02734375 0.071875
2 0.38828125 0.4671875 0.0265625 0.06015625
0 0.60078125 0.471875 0.02421875 0.04921875
2 0.27421875 0.484375 0.02421875 0.059375