0 0.07109375 0.3421875 0.034375 0.0828125
2 0.73828125 0.34375 0.03671875 0.078125
0 0.31953125 0.3765625 0.03515625 0.0890625
2 0.8375 0.4046875 0.0359375 0.07734375
0 0.6484375 0.4078125 0.04296875 0.08984375
0 0.26640625 0.41484375 0.03125 0.0921875
0 0.51796875 0.42421875 0.0359375 0.08125
0 0.4734375 0.44375 0.03828125 0.090625
0 0.58671875 0.46328125 0.03984375 0.0734375
0 0.1625 0.4796875 0.04609375 0.115625
0 0.37734375 0.525 0.04921875 0.10859375
0 0.90625 0.53515625 0.06171875 0.14609375