2 0.3203125 0.334375 0.015625 0.0234375
0 0.3484375 0.33828125 0.015625 0.03125
2 0.25078125 0.375 0.0171875 0.03046875
2 0.08828125 0.37578125 0.021875 0.03671875
2 0.28984375 0.3765625 0.0171875 0.03125
2 0.134375 0.3875 0.02265625 0.0375
2 0.165625 0.4078125 0.028125 0.04296875
0 0.69453125 0.41484375 0.0234375 0.0453125
2 0.90703125 0.4265625 0.0203125 0.03359375
2 0.76328125 0.4484375 0.02421875 0.04453125
5 0.52734375 0.4515625 0.02421875 0.053125
2 0.90859375 0.48125 0.028125 0.05546875
0 0.5921875 0.48984375 0.025 0.0546875
2 0.71328125 0.52890625 0.0296875 0.06015625
2 0.84765625 0.584375 0.04296875 0.075
2 0.46171875 0.609375 0.04296875 0.07734375
2 0.1046875 0.6296875 0.04453125 0.08359375
2 0.6625 0.6765625 0.04765625 0.1015625