0 0.6703125 0.4328125 0.01328125 0.02109375
2 0.54375 0.44140625 0.01015625 0.02734375
0 0.51328125 0.459375 0.01171875 0.02265625
0 0.86015625 0.46328125 0.01796875 0.03203125
0 0.6921875 0.50078125 0.01640625 0.0421875
0 0.621875 0.50234375 0.015625 0.034375
0 0.76484375 0.50703125 0.01953125 0.03671875
0 0.2609375 0.52734375 0.0140625 0.03046875
0 0.29609375 0.53359375 0.01875 0.03046875
2 0.3984375 0.5375 0.0171875 0.0390625
2 0.32109375 0.54375 0.02109375 0.03203125
0 0.6953125 0.5671875 0.03203125 0.05703125
0 0.575 0.57265625 0.0328125 0.046875
0 0.846875 0.590625 0.034375 0.0640625