2 0.3875 0.3203125 0.01171875 0.01953125
2 0.31328125 0.3296875 0.01484375 0.02578125
2 0.4609375 0.33203125 0.01171875 0.021875
2 0.41484375 0.33828125 0.0140625 0.01875
2 0.49921875 0.3453125 0.01328125 0.02578125
2 0.35625 0.34921875 0.015625 0.02265625
2 0.0796875 0.37421875 0.02265625 0.0296875
2 0.278125 0.38046875 0.0140625 0.025
2 0.3484375 0.3984375 0.01328125 0.0296875
2 0.140625 0.41171875 0.01875 0.034375
2 0.90703125 0.42890625 0.02265625 0.03671875
2 0.72265625 0.43671875 0.01875 0.04296875
2 0.5921875 0.47109375 0.021875 0.04453125
2 0.6765625 0.5046875 0.03125 0.065625
2 0.47578125 0.58515625 0.0375 0.0703125
2 0.86484375 0.59921875 0.0359375 0.06484375
2 0.6484375 0.65 0.04453125 0.08984375