0 0.26875 0.3734375 0.0140625 0.03359375
0 0.2953125 0.37578125 0.0171875 0.034375
2 0.07890625 0.37890625 0.0265625 0.0375
2 0.13203125 0.38359375 0.02421875 0.03828125
0 0.3578125 0.390625 0.01484375 0.0328125
2 0.17265625 0.40625 0.02421875 0.0453125
0 0.6890625 0.4109375 0.025 0.05859375
0 0.7578125 0.440625 0.02578125 0.0515625
2 0.521875 0.4546875 0.025 0.05390625
0 0.9015625 0.4703125 0.0328125 0.0609375
0 0.5859375 0.4921875 0.028125 0.0578125
2 0.6984375 0.55 0.03359375 0.0578125
0 0.86796875 0.56484375 0.040625 0.06953125
2 0.47890625 0.5765625 0.04140625 0.0890625
2 0.60703125 0.675 0.0484375 0.109375