2 0.31640625 0.33203125 0.01640625 0.02890625
2 0.2515625 0.36875 0.01484375 0.0328125
0 0.29609375 0.37578125 0.0171875 0.03515625
2 0.12890625 0.38984375 0.01640625 0.03984375
0 0.36015625 0.39296875 0.0140625 0.03046875
0 0.68515625 0.409375 0.0234375 0.05
2 0.14453125 0.4109375 0.02578125 0.03984375
2 0.90859375 0.42734375 0.02109375 0.0453125
0 0.75625 0.4296875 0.02578125 0.05234375
2 0.52578125 0.453125 0.02734375 0.05078125
0 0.93125 0.46796875 0.0296875 0.05703125
0 0.59375 0.48515625 0.0265625 0.05390625
2 0.7109375 0.51796875 0.0328125 0.0671875
2 0.5046875 0.55703125 0.03671875 0.0796875
0 0.86796875 0.5671875 0.040625 0.08046875
2 0.65 0.68984375 0.053125 0.10078125
0 0.21640625 0.7484375 0.05 0.071875