2 0.67109375 0.43515625 0.0125 0.02421875
2 0.5421875 0.44453125 0.01015625 0.01953125
2 0.70703125 0.45546875 0.015625 0.03203125
2 0.43359375 0.45703125 0.0109375 0.021875
2 0.86875 0.4640625 0.021875 0.03671875
2 0.7765625 0.4640625 0.0171875 0.03046875
2 0.46484375 0.46484375 0.01015625 0.02265625
2 0.51640625 0.46484375 0.0109375 0.02578125
2 0.30546875 0.49140625 0.0125 0.02109375
2 0.61484375 0.51171875 0.009375 0.02734375
2 0.775 0.52734375 0.0203125 0.02578125
2 0.28828125 0.53671875 0.01875 0.02890625
2 0.26875 0.53828125 0.0140625 0.028125
2 0.39453125 0.54375 0.01484375 0.03515625
2 0.6890625 0.5703125 0.025 0.04921875
0 0.5734375 0.5703125 0.0203125 0.040625
2 0.8390625 0.59765625 0.025 0.05546875