2 0.31015625 0.33515625 0.015625 0.028125
2 0.34375 0.346875 0.01484375 0.0234375
2 0.2484375 0.36875 0.0140625 0.02890625
2 0.071875 0.37890625 0.01953125 0.0328125
0 0.35625 0.390625 0.01875 0.03046875
2 0.1640625 0.40234375 0.02734375 0.040625
0 0.69453125 0.4140625 0.02421875 0.0421875
2 0.90546875 0.42578125 0.02578125 0.03671875
2 0.75859375 0.44609375 0.02421875 0.0453125
2 0.52734375 0.4515625 0.02421875 0.0515625
0 0.9171875 0.46171875 0.02578125 0.05546875
2 0.58828125 0.50625 0.0265625 0.0421875
2 0.71171875 0.5265625 0.03203125 0.05546875
2 0.46640625 0.59140625 0.0515625 0.08984375
2 0.85859375 0.63046875 0.04296875 0.0625
0 0.59453125 0.68125 0.04609375 0.10859375