2 0.39296875 0.32578125 0.01171875 0.01953125
0 0.32109375 0.3265625 0.01171875 0.02265625
2 0.41875 0.33359375 0.01328125 0.01796875
0 0.45078125 0.334375 0.01015625 0.02265625
0 0.34765625 0.33671875 0.0125 0.028125
2 0.4953125 0.3453125 0.01328125 0.02578125
0 0.2671875 0.3703125 0.01015625 0.02734375
2 0.28671875 0.38125 0.01328125 0.025
0 0.35703125 0.38359375 0.01328125 0.025
2 0.1234375 0.41015625 0.0203125 0.03046875
2 0.5203125 0.4453125 0.0234375 0.0515625
2 0.76953125 0.45 0.025 0.04453125
0 0.95 0.48203125 0.0296875 0.05390625
2 0.5953125 0.4921875 0.02421875 0.05078125
2 0.7140625 0.52734375 0.0296875 0.053125
0 0.465625 0.56796875 0.0359375 0.0796875
0 0.86015625 0.5765625 0.0390625 0.07265625
2 0.02109375 0.659375 0.0421875 0.0765625
2 0.6484375 0.675 0.04296875 0.09375
0 0.20546875 0.765625 0.0359375 0.05859375