2 0.25625 0.3796875 0.0171875 0.0265625
2 0.084375 0.38125 0.02109375 0.0265625
2 0.35859375 0.39609375 0.01484375 0.03046875
2 0.13515625 0.4140625 0.02421875 0.03671875
0 0.69296875 0.41484375 0.01875 0.04375
0 0.90625 0.41953125 0.01796875 0.03671875
0 0.759375 0.4375 0.0203125 0.04609375
0 0.9328125 0.4671875 0.02578125 0.05859375
2 0.59140625 0.4890625 0.0265625 0.05078125
2 0.71328125 0.53125 0.02890625 0.0515625
2 0.5046875 0.5734375 0.0375 0.08046875
0 0.86328125 0.58984375 0.0375 0.08203125
2 0.65078125 0.665625 0.04453125 0.09921875
2 0.01875 0.665625 0.0375 0.0796875