2 0.67109375 0.43984375 0.01328125 0.01875
0 0.47578125 0.440625 0.00859375 0.015625
0 0.7078125 0.453125 0.01484375 0.0296875
0 0.85859375 0.459375 0.01796875 0.03203125
0 0.77265625 0.46328125 0.015625 0.025
2 0.46171875 0.465625 0.0109375 0.01796875
2 0.51171875 0.4671875 0.0125 0.01796875
0 0.30859375 0.48671875 0.01015625 0.0234375
2 0.4140625 0.49609375 0.01171875 0.01953125
2 0.62265625 0.51640625 0.0140625 0.0265625
2 0.2203125 0.525 0.0140625 0.01796875
2 0.77734375 0.528125 0.01875 0.025
0 0.25859375 0.53203125 0.0140625 0.02734375
0 0.37890625 0.5453125 0.0171875 0.03046875
2 0.2890625 0.54609375 0.01796875 0.01953125
2 0.690625 0.57109375 0.0234375 0.0515625
2 0.56484375 0.57265625 0.01953125 0.040625
5 0.8515625 0.5875 0.0296875 0.05390625