0 0.07890625 0.36953125 0.01875 0.0328125
0 0.29453125 0.37578125 0.0140625 0.0328125
0 0.1140625 0.3875 0.021875 0.03515625
2 0.35625 0.38828125 0.01640625 0.0296875
2 0.17109375 0.4015625 0.025 0.0375
2 0.68359375 0.4171875 0.02421875 0.046875
2 0.90703125 0.42734375 0.02109375 0.03203125
0 0.75859375 0.43671875 0.025 0.05234375
0 0.528125 0.4453125 0.02734375 0.05546875
0 0.92265625 0.46640625 0.03359375 0.05703125
2 0.59921875 0.49765625 0.02734375 0.05390625
2 0.6890625 0.50703125 0.03203125 0.065625
2 0.50859375 0.55859375 0.03671875 0.08359375
0 0.83125 0.56640625 0.0375 0.07421875
0 0.65078125 0.6703125 0.03828125 0.09765625