2 0.3828125 0.321875 0.01015625 0.01953125
2 0.325 0.33046875 0.009375 0.0234375
2 0.42578125 0.33203125 0.0125 0.01953125
2 0.459375 0.33828125 0.015625 0.02109375
2 0.50546875 0.34765625 0.01328125 0.01875
2 0.3609375 0.3484375 0.0140625 0.028125
2 0.2125 0.35390625 0.0140625 0.0203125
2 0.16484375 0.37109375 0.0265625 0.0453125
2 0.24453125 0.37421875 0.00703125 0.02734375
2 0.28671875 0.37734375 0.01484375 0.0265625
2 0.08046875 0.378125 0.02109375 0.028125
2 0.12109375 0.38125 0.01953125 0.03046875
2 0.346875 0.3921875 0.00859375 0.02578125
2 0.90859375 0.4328125 0.02109375 0.028125
2 0.76953125 0.44921875 0.02421875 0.0484375
2 0.59765625 0.4875 0.028125 0.04765625
2 0.6921875 0.50078125 0.025 0.05546875
2 0.84921875 0.56953125 0.0359375 0.07109375
2 0.4703125 0.59921875 0.0421875 0.0765625
2 0.65 0.65390625 0.03515625 0.08671875