2 0.67265625 0.43515625 0.0109375 0.0171875
2 0.5390625 0.446875 0.0078125 0.01875
2 0.70078125 0.45859375 0.0109375 0.02421875
2 0.77578125 0.4625 0.0140625 0.025
2 0.85078125 0.4671875 0.01640625 0.02421875
2 0.5109375 0.46875 0.01171875 0.0203125
2 0.46953125 0.4734375 0.01015625 0.0234375
2 0.309375 0.48984375 0.01171875 0.01875
2 0.34765625 0.4921875 0.0125 0.0203125
2 0.29765625 0.53515625 0.0140625 0.02265625
2 0.2703125 0.5359375 0.0125 0.02421875
2 0.3875 0.565625 0.01484375 0.02578125
2 0.575 0.5796875 0.01875 0.03359375
2 0.68828125 0.5828125 0.0265625 0.04609375
2 0.825 0.5953125 0.0265625 0.05625