0 0.42734375 0.325 0.0125 0.02421875
2 0.31953125 0.3328125 0.0140625 0.02421875
0 0.4578125 0.33671875 0.01171875 0.02109375
0 0.3484375 0.34296875 0.01640625 0.03046875
0 0.09140625 0.3734375 0.01484375 0.03125
0 0.28984375 0.3765625 0.01640625 0.0296875
2 0.125 0.38203125 0.01875 0.028125
2 0.165625 0.403125 0.01953125 0.03984375
0 0.69453125 0.41640625 0.021875 0.040625
5 0.90546875 0.42734375 0.02109375 0.03046875
5 0.75625 0.434375 0.02578125 0.04609375
2 0.52890625 0.45625 0.02578125 0.0453125
0 0.92890625 0.4671875 0.03046875 0.0515625
5 0.5953125 0.50703125 0.02421875 0.0484375
2 0.71171875 0.5265625 0.03046875 0.05546875
5 0.5046875 0.559375 0.03671875 0.08125
2 0.85234375 0.60859375 0.03984375 0.06484375
0 0.646875 0.63125 0.0390625 0.10703125
2 0.0390625 0.6484375 0.04296875 0.08046875