0 0.29140625 0.37578125 0.015625 0.03046875
0 0.2515625 0.3828125 0.01484375 0.03125
0 0.13203125 0.38515625 0.0203125 0.034375
0 0.359375 0.39296875 0.0125 0.0265625
0 0.18125 0.40390625 0.021875 0.0390625
0 0.69453125 0.4125 0.02265625 0.04296875
2 0.9078125 0.4234375 0.02109375 0.03671875
2 0.76484375 0.44921875 0.02265625 0.0484375
2 0.5421875 0.4609375 0.025 0.04765625
2 0.91015625 0.4796875 0.0265625 0.04765625
2 0.5890625 0.5 0.0265625 0.04453125
2 0.71171875 0.52890625 0.0296875 0.05625
0 0.49609375 0.54296875 0.03515625 0.0859375
0 0.8578125 0.56171875 0.0328125 0.0671875
2 0.11328125 0.63125 0.034375 0.0828125
0 0.6 0.678125 0.03828125 0.0984375
0 0.221875 0.7703125 0.0359375 0.05625