5 0.31875 0.328125 0.015625 0.03125
0 0.07265625 0.37109375 0.01953125 0.028125
2 0.2640625 0.3734375 0.01328125 0.03125
2 0.29375 0.37578125 0.021875 0.0359375
0 0.13125 0.37734375 0.0203125 0.0390625
2 0.1609375 0.4 0.021875 0.0390625
0 0.69765625 0.4140625 0.0203125 0.04296875
2 0.909375 0.42265625 0.0234375 0.046875
0 0.52578125 0.44765625 0.02734375 0.05078125
2 0.75859375 0.45859375 0.02265625 0.0453125
0 0.95078125 0.47578125 0.040625 0.0609375
2 0.58671875 0.4953125 0.02578125 0.0484375
2 0.71171875 0.521875 0.03125 0.05078125
2 0.46484375 0.5703125 0.0421875 0.07734375
0 0.8578125 0.575 0.0421875 0.08125
2 0.12578125 0.62265625 0.05 0.08671875
0 0.65546875 0.6515625 0.046875 0.10390625
2 0.20546875 0.74453125 0.0453125 0.09296875