0 0.365625 0.33515625 0.01875 0.04140625
0 0.26953125 0.3703125 0.01640625 0.04609375
2 0.071875 0.37109375 0.025 0.0375
0 0.2921875 0.37265625 0.01640625 0.03984375
0 0.13125 0.38046875 0.02578125 0.0484375
0 0.36015625 0.384375 0.01640625 0.0375
0 0.703125 0.39921875 0.02890625 0.0671875
2 0.17421875 0.40234375 0.02734375 0.04609375
2 0.90625 0.42734375 0.02265625 0.0359375
5 0.77265625 0.4421875 0.02890625 0.05078125
0 0.53828125 0.45234375 0.02734375 0.046875
0 0.890625 0.478125 0.0265625 0.053125
2 0.59453125 0.4859375 0.03125 0.0578125
2 0.7125 0.53828125 0.0359375 0.0625
2 0.4953125 0.55078125 0.03984375 0.08046875
0 0.871875 0.55546875 0.04453125 0.07421875
5 0.11328125 0.62109375 0.04140625 0.0953125
2 0.63046875 0.67421875 0.05625 0.10859375