0 0.39765625 0.31640625 0.01015625 0.01875
2 0.4265625 0.3296875 0.01328125 0.0203125
2 0.3171875 0.33515625 0.0125 0.0234375
0 0.45625 0.3359375 0.01015625 0.02109375
2 0.34765625 0.3390625 0.01328125 0.03046875
0 0.49765625 0.340625 0.0125 0.02578125
0 0.23203125 0.3515625 0.015625 0.025
0 0.27109375 0.36875 0.0125 0.02890625
0 0.08671875 0.37109375 0.0140625 0.03125
2 0.2953125 0.37421875 0.01484375 0.03046875
0 0.13203125 0.38671875 0.015625 0.0328125
0 0.359375 0.39453125 0.0125 0.0265625
2 0.15234375 0.409375 0.01640625 0.03515625
0 0.6859375 0.41484375 0.0203125 0.04296875
0 0.90625 0.41640625 0.021875 0.0390625
2 0.5265625 0.4515625 0.02421875 0.05078125
2 0.7640625 0.453125 0.0234375 0.04453125
2 0.92265625 0.4609375 0.0265625 0.05
2 0.59609375 0.49375 0.02578125 0.04765625
2 0.75078125 0.534375 0.025 0.05390625
0 0.453125 0.56640625 0.0359375 0.0828125
0 0.85078125 0.57421875 0.0359375 0.07109375
2 0.65 0.6671875 0.0375 0.09375
0 0.2375 0.71796875 0.03671875 0.06328125