0 0.26953125 0.3734375 0.015625 0.03515625
2 0.29921875 0.37421875 0.0171875 0.0359375
2 0.0859375 0.3828125 0.02421875 0.03359375
2 0.12890625 0.384375 0.02265625 0.03671875
2 0.359375 0.39765625 0.01796875 0.03125
2 0.17265625 0.40234375 0.02734375 0.0484375
2 0.690625 0.434375 0.02265625 0.04140625
5 0.5296875 0.44921875 0.02890625 0.059375
2 0.75703125 0.45625 0.025 0.04765625
2 0.91015625 0.459375 0.0296875 0.05703125
5 0.59375 0.49609375 0.02734375 0.05546875
0 0.70078125 0.53359375 0.0296875 0.059375
2 0.47578125 0.5859375 0.0453125 0.084375
2 0.9015625 0.625 0.03984375 0.08125
2 0.6453125 0.6625 0.04453125 0.096875