2 0.2703125 0.36875 0.0140625 0.0359375
0 0.2953125 0.3734375 0.01640625 0.034375
2 0.0953125 0.3796875 0.0203125 0.03203125
2 0.1296875 0.3828125 0.01875 0.03984375
0 0.35859375 0.39140625 0.01484375 0.03125
2 0.171875 0.40234375 0.02421875 0.04921875
0 0.70078125 0.41484375 0.025 0.05703125
0 0.76328125 0.43515625 0.028125 0.0546875
2 0.52421875 0.44453125 0.02734375 0.05390625
0 0.9234375 0.45625 0.03359375 0.065625
2 0.5890625 0.48515625 0.02578125 0.0546875
2 0.50078125 0.55 0.04609375 0.08125
2 0.7046875 0.55234375 0.03359375 0.075
0 0.87421875 0.55859375 0.0390625 0.07734375
0 0.6671875 0.6546875 0.0484375 0.11875