2 0.13125 0.378125 0.0203125 0.0359375
2 0.075 0.378125 0.0234375 0.03203125
2 0.25625 0.37890625 0.0171875 0.03046875
0 0.3046875 0.38359375 0.01328125 0.03203125
2 0.15625 0.39375 0.0234375 0.04609375
0 0.3453125 0.39453125 0.0109375 0.0265625
2 0.69375 0.4265625 0.021875 0.03828125
0 0.7515625 0.44296875 0.021875 0.0453125
0 0.5359375 0.44609375 0.0234375 0.0546875
5 0.90546875 0.4484375 0.03046875 0.06328125
2 0.58984375 0.5046875 0.02421875 0.04375
2 0.7125 0.52421875 0.0265625 0.05703125
5 0.87734375 0.546875 0.03828125 0.0703125
2 0.46171875 0.58671875 0.04375 0.08359375
2 0.04375 0.659375 0.0546875 0.08203125
0 0.5859375 0.6828125 0.04375 0.103125