2 0.54140625 0.43984375 0.01640625 0.02578125
0 0.69921875 0.45234375 0.01484375 0.034375
0 0.4328125 0.45546875 0.01328125 0.0265625
0 0.85703125 0.45703125 0.0203125 0.03671875
0 0.46796875 0.45859375 0.0140625 0.03046875
0 0.78046875 0.46484375 0.0203125 0.02578125
2 0.5140625 0.4671875 0.01484375 0.028125
2 0.30625 0.48984375 0.0140625 0.021875
0 0.2203125 0.52421875 0.0125 0.021875
2 0.26640625 0.5296875 0.0140625 0.02578125
2 0.28671875 0.5359375 0.01796875 0.028125
2 0.68984375 0.5671875 0.028125 0.05390625
0 0.5703125 0.56796875 0.0234375 0.04375
5 0.840625 0.57890625 0.03046875 0.05625