0 0.31875 0.3328125 0.0140625 0.02890625
0 0.08515625 0.36953125 0.02109375 0.03671875
2 0.29453125 0.3765625 0.0171875 0.0359375
0 0.25078125 0.37734375 0.01640625 0.0328125
2 0.13046875 0.38359375 0.02265625 0.0390625
0 0.3578125 0.38828125 0.015625 0.03359375
2 0.17421875 0.40078125 0.02578125 0.046875
0 0.6921875 0.40703125 0.0296875 0.05234375
0 0.74921875 0.43984375 0.03125 0.05625
2 0.52265625 0.45234375 0.03046875 0.05703125
0 0.58984375 0.4875 0.02890625 0.0609375
0 0.896875 0.4921875 0.03125 0.0625
2 0.69765625 0.5515625 0.0359375 0.05859375
2 0.4859375 0.55625 0.04609375 0.0796875
0 0.86953125 0.5671875 0.0390625 0.07421875
2 0.65 0.675 0.040625 0.10234375