2 0.32578125 0.32421875 0.01484375 0.025
2 0.42109375 0.328125 0.0140625 0.0234375
2 0.39609375 0.3296875 0.01328125 0.021875
2 0.45703125 0.3359375 0.0125 0.0234375
2 0.359375 0.34375 0.01640625 0.028125
2 0.50703125 0.34765625 0.015625 0.0296875
0 0.2953125 0.37265625 0.015625 0.0328125
2 0.07265625 0.37421875 0.0203125 0.034375
2 0.24921875 0.3828125 0.0140625 0.03203125
2 0.1296875 0.384375 0.01796875 0.03359375
0 0.3578125 0.39296875 0.01328125 0.025
2 0.17109375 0.3984375 0.0171875 0.0328125
0 0.6875 0.41015625 0.01796875 0.0375
2 0.9078125 0.421875 0.01875 0.03828125
2 0.76484375 0.43984375 0.02265625 0.04609375
0 0.9234375 0.45625 0.025 0.053125
0 0.509375 0.45703125 0.01640625 0.04375
2 0.5890625 0.50859375 0.0265625 0.0421875
0 0.50390625 0.534375 0.02890625 0.06875
2 0.71015625 0.55546875 0.03046875 0.0453125
0 0.859375 0.57890625 0.03671875 0.06875
0 0.11640625 0.6171875 0.03203125 0.07890625
5 0.60546875 0.68359375 0.04375 0.09765625
0 0.22109375 0.76796875 0.04140625 0.06171875