0 0.321875 0.33203125 0.015625 0.028125
0 0.271875 0.37265625 0.0125 0.0296875
0 0.29453125 0.375 0.01484375 0.0328125
0 0.07578125 0.3765625 0.0234375 0.03359375
0 0.1328125 0.38203125 0.0171875 0.034375
2 0.35703125 0.3921875 0.0140625 0.0265625
0 0.17421875 0.3984375 0.0203125 0.04453125
0 0.6859375 0.41171875 0.0203125 0.04296875
2 0.90859375 0.42890625 0.021875 0.03828125
0 0.52734375 0.44296875 0.021875 0.05234375
2 0.77421875 0.4546875 0.02421875 0.04765625
0 0.93828125 0.47421875 0.028125 0.05390625
2 0.6078125 0.4921875 0.0265625 0.05234375
2 0.68671875 0.53515625 0.0265625 0.059375
0 0.484375 0.54140625 0.03828125 0.0828125
2 0.86328125 0.55859375 0.0328125 0.065625
0 0.6546875 0.68203125 0.04296875 0.0984375