2 0.86015625 0.4578125 0.01875 0.03515625
2 0.7078125 0.46015625 0.01484375 0.025
2 0.78125 0.4625 0.01484375 0.025
2 0.5109375 0.46484375 0.01328125 0.025
2 0.46953125 0.46796875 0.01328125 0.025
2 0.42421875 0.49140625 0.0125 0.02734375
2 0.6859375 0.5125 0.0140625 0.028125
2 0.63046875 0.51484375 0.009375 0.03125
2 0.7734375 0.52734375 0.01796875 0.02421875
0 0.2734375 0.53203125 0.01484375 0.02890625
5 0.3765625 0.56015625 0.01796875 0.03203125
2 0.6875 0.5765625 0.02421875 0.046875
5 0.8234375 0.60859375 0.02890625 0.05