2 0.30078125 0.375 0.0171875 0.0296875
0 0.13125 0.38203125 0.01953125 0.034375
0 0.3625 0.3859375 0.01484375 0.03203125
0 0.70078125 0.40859375 0.02265625 0.04453125
2 0.15390625 0.41328125 0.02109375 0.0390625
2 0.91015625 0.421875 0.0171875 0.034375
0 0.7484375 0.43828125 0.021875 0.04609375
0 0.92109375 0.453125 0.03046875 0.05078125
2 0.5296875 0.45546875 0.0203125 0.0421875
2 0.59765625 0.490625 0.0234375 0.04765625
2 0.70703125 0.540625 0.03125 0.04609375
2 0.8609375 0.5828125 0.03671875 0.071875
2 0.46640625 0.5859375 0.03515625 0.08203125
0 0.646875 0.646875 0.04140625 0.1