0 0.31796875 0.33203125 0.0109375 0.02890625
2 0.35546875 0.33515625 0.01953125 0.0328125
0 0.26953125 0.36796875 0.01484375 0.028125
0 0.29140625 0.37421875 0.01640625 0.0265625
0 0.0734375 0.37578125 0.02265625 0.02890625
0 0.13125 0.3859375 0.01875 0.03671875
0 0.3578125 0.39140625 0.015625 0.0265625
0 0.1796875 0.40546875 0.0203125 0.040625
0 0.69609375 0.4078125 0.01875 0.04921875
0 0.90625 0.41953125 0.02109375 0.03671875
0 0.75625 0.43984375 0.02265625 0.04375
0 0.5390625 0.44921875 0.021875 0.05390625
0 0.89140625 0.4625 0.02578125 0.053125
2 0.5890625 0.496875 0.01953125 0.04921875
2 0.7140625 0.52734375 0.0296875 0.0625
2 0.490625 0.55859375 0.03359375 0.07109375
0 0.84296875 0.57578125 0.0328125 0.07109375
0 0.1203125 0.6171875 0.03828125 0.08828125
0 0.62890625 0.67109375 0.040625 0.1078125
0 0.2265625 0.7734375 0.040625 0.06328125