5 0.3234375 0.32890625 0.01484375 0.0265625
2 0.34609375 0.34140625 0.015625 0.0265625
0 0.27109375 0.37421875 0.01484375 0.03515625
0 0.29140625 0.375 0.01796875 0.03203125
0 0.07109375 0.37578125 0.021875 0.03046875
0 0.35859375 0.3921875 0.0171875 0.0296875
5 0.69765625 0.40859375 0.021875 0.04296875
5 0.76953125 0.4484375 0.02578125 0.0453125
0 0.53828125 0.45234375 0.025 0.05234375
0 0.8921875 0.46484375 0.02734375 0.059375
2 0.628125 0.51796875 0.025 0.059375
2 0.71171875 0.521875 0.03125 0.06171875
0 0.4953125 0.5375 0.0421875 0.0859375
0 0.85703125 0.57421875 0.04140625 0.071875
5 0.11015625 0.6328125 0.04296875 0.08828125
0 0.59140625 0.690625 0.0453125 0.10390625