2 0.384375 0.32265625 0.0109375 0.01875
2 0.4203125 0.33203125 0.01171875 0.01953125
2 0.32578125 0.3359375 0.0140625 0.025
2 0.4484375 0.33671875 0.01171875 0.021875
2 0.5015625 0.3421875 0.01328125 0.02734375
2 0.36015625 0.34765625 0.0140625 0.02578125
2 0.21171875 0.35546875 0.0140625 0.02265625
2 0.2328125 0.37890625 0.0125 0.02578125
2 0.278125 0.38046875 0.0125 0.0234375
2 0.08359375 0.38046875 0.01796875 0.028125
2 0.35234375 0.3953125 0.0125 0.028125
2 0.14453125 0.4078125 0.01875 0.03671875
2 0.90703125 0.42265625 0.02109375 0.040625
2 0.76015625 0.43671875 0.02421875 0.05
2 0.60546875 0.4875 0.025 0.04921875
2 0.66796875 0.51640625 0.0234375 0.059375
2 0.48828125 0.55546875 0.03203125 0.07109375
2 0.8609375 0.56015625 0.03359375 0.0609375
2 0.653125 0.65 0.040625 0.090625