2 0.3484375 0.33671875 0.0171875 0.0390625
0 0.0734375 0.37109375 0.025 0.0359375
0 0.29609375 0.37421875 0.01484375 0.03671875
5 0.25703125 0.37734375 0.01640625 0.0359375
0 0.1328125 0.3828125 0.015625 0.03828125
0 0.35703125 0.39453125 0.0140625 0.03046875
2 0.15078125 0.40625 0.01796875 0.03984375
0 0.68515625 0.40859375 0.02109375 0.04765625
2 0.909375 0.41484375 0.01953125 0.04609375
2 0.52421875 0.4484375 0.02109375 0.04765625
2 0.76640625 0.45078125 0.02265625 0.04609375
0 0.9234375 0.46015625 0.03125 0.0640625
2 0.59296875 0.48515625 0.02421875 0.04609375
2 0.71171875 0.515625 0.02890625 0.0609375
0 0.8671875 0.5859375 0.03828125 0.0796875
2 0.45703125 0.6046875 0.040625 0.084375
0 0.6390625 0.64921875 0.0375 0.09375