0 0.0875 0.3734375 0.02109375 0.0328125
0 0.25078125 0.37421875 0.01328125 0.03203125
0 0.2890625 0.37734375 0.015625 0.0359375
0 0.1234375 0.3796875 0.01953125 0.03203125
0 0.35546875 0.38671875 0.0109375 0.03046875
2 0.16328125 0.403125 0.01640625 0.03671875
0 0.68984375 0.41640625 0.02265625 0.0453125
2 0.90703125 0.428125 0.01953125 0.0359375
0 0.75703125 0.4375 0.02421875 0.04765625
2 0.52890625 0.4546875 0.0203125 0.0453125
0 0.934375 0.471875 0.03359375 0.06640625
5 0.59609375 0.5109375 0.02734375 0.05390625
2 0.709375 0.521875 0.028125 0.05703125
0 0.5109375 0.54140625 0.0359375 0.07265625
2 0.86875 0.6171875 0.03984375 0.07265625
0 0.64296875 0.64609375 0.0375 0.09375