2 0.85859375 0.46171875 0.0171875 0.0296875
0 0.346875 0.48515625 0.0140625 0.028125
0 0.69296875 0.4921875 0.01796875 0.040625
0 0.62265625 0.503125 0.0171875 0.0375
0 0.76328125 0.50703125 0.02109375 0.0359375
0 0.3078125 0.51796875 0.015625 0.0359375
2 0.22421875 0.52578125 0.0171875 0.0265625
0 0.39765625 0.5359375 0.01484375 0.03828125
2 0.325 0.5421875 0.01796875 0.02890625
0 0.68828125 0.5578125 0.02578125 0.05234375
0 0.5703125 0.5765625 0.0265625 0.03984375
2 0.84921875 0.59453125 0.0328125 0.0625