0 0.2453125 0.375 0.0125 0.0296875
0 0.2953125 0.37734375 0.01640625 0.03359375
0 0.13125 0.38203125 0.02109375 0.0359375
0 0.3578125 0.390625 0.015625 0.02890625
2 0.16953125 0.40078125 0.02265625 0.04453125
0 0.69921875 0.41171875 0.025 0.0515625
0 0.74921875 0.4421875 0.02734375 0.053125
2 0.525 0.4546875 0.03125 0.05546875
0 0.89453125 0.48359375 0.03125 0.05859375
0 0.59296875 0.48828125 0.02578125 0.0546875
2 0.7015625 0.5546875 0.03515625 0.05703125
0 0.87109375 0.5625 0.034375 0.075
2 0.48203125 0.56484375 0.04453125 0.08515625
2 0.653125 0.665625 0.0390625 0.1046875