2 0.09765625 0.37734375 0.01875 0.034375
5 0.25546875 0.38125 0.0109375 0.028125
0 0.3578125 0.39296875 0.01171875 0.025
2 0.13671875 0.39375 0.01953125 0.03359375
2 0.16796875 0.396875 0.0140625 0.03984375
0 0.6921875 0.4078125 0.0234375 0.03984375
0 0.759375 0.43125 0.0203125 0.046875
2 0.9046875 0.43359375 0.01875 0.0328125
2 0.5375 0.4640625 0.02421875 0.0453125
2 0.578125 0.48125 0.01953125 0.04765625
0 0.9453125 0.4828125 0.0265625 0.04765625
2 0.71484375 0.53984375 0.03203125 0.05
5 0.50390625 0.5671875 0.0328125 0.07890625
0 0.85390625 0.57734375 0.040625 0.07109375
2 0.6640625 0.665625 0.04140625 0.109375