2 0.32265625 0.33203125 0.01875 0.03125
0 0.365625 0.33984375 0.01484375 0.03359375
0 0.3 0.3703125 0.01640625 0.03359375
0 0.271875 0.371875 0.0125 0.0328125
0 0.3578125 0.39140625 0.01640625 0.03046875
0 0.13046875 0.4078125 0.02265625 0.04296875
0 0.696875 0.41953125 0.02421875 0.0453125
0 0.53046875 0.4453125 0.02578125 0.05703125
2 0.7765625 0.45859375 0.0296875 0.0546875
0 0.94296875 0.47890625 0.03203125 0.06953125
2 0.5921875 0.48984375 0.02734375 0.0515625
2 0.709375 0.55859375 0.03515625 0.0515625
0 0.86875 0.55859375 0.034375 0.0703125
2 0.4703125 0.57578125 0.0375 0.08125
2 0.6515625 0.67421875 0.0359375 0.11875