2 0.66953125 0.4359375 0.01328125 0.02109375
2 0.54296875 0.44921875 0.009375 0.01953125
0 0.696875 0.45546875 0.01484375 0.0296875
0 0.7796875 0.46171875 0.01484375 0.02890625
2 0.42890625 0.4640625 0.0109375 0.01484375
0 0.8484375 0.46796875 0.01875 0.028125
2 0.5125 0.46796875 0.01328125 0.0234375
2 0.4671875 0.46953125 0.01171875 0.02265625
2 0.34296875 0.48984375 0.0109375 0.01953125
2 0.31328125 0.49140625 0.0109375 0.01875
0 0.68984375 0.50078125 0.01484375 0.03671875
0 0.62109375 0.5046875 0.01484375 0.03046875
5 0.76171875 0.51328125 0.01875 0.0328125
2 0.2984375 0.5265625 0.01171875 0.02109375
2 0.26875 0.528125 0.01328125 0.02890625
2 0.3234375 0.54453125 0.01484375 0.034375
5 0.37578125 0.553125 0.01796875 0.0296875
0 0.69140625 0.55625 0.0265625 0.04765625
2 0.56953125 0.58046875 0.02421875 0.03828125
0 0.83671875 0.58984375 0.02734375 0.05859375