5 0.6953125 0.596875 0.0484375 0.1171875
5 0.41953125 0.63046875 0.0453125 0.121875
5 0.803125 0.63828125 0.04375 0.09140625
5 0.60859375 0.6546875 0.04921875 0.1140625
5 0.13203125 0.6578125 0.0484375 0.140625
5 0.8703125 0.6609375 0.059375 0.1109375
5 0.25 0.66953125 0.0578125 0.11171875
5 0.53203125 0.10625 0.0359375 0.06796875
5 0.940625 0.2328125 0.0390625 0.078125
2 0.2421875 0.2546875 0.04140625 0.08671875
2 0.47578125 0.2625 0.0296875 0.0859375
2 0.140625 0.27109375 0.034375 0.0875
5 0.3703125 0.27265625 0.04140625 0.08828125
5 0.85625 0.378125 0.040625 0.0796875