4 0.03828125 0.58671875 0.0765625 0.18203125
4 0.23125 0.42265625 0.04921875 0.08671875
4 0.2703125 0.38828125 0.0453125 0.07890625
4 0.29921875 0.434375 0.04609375 0.08828125
4 0.3296875 0.39296875 0.04453125 0.08125
4 0.4703125 0.43359375 0.03828125 0.09609375
4 0.4875 0.4015625 0.05078125 0.07109375
4 0.540625 0.39375 0.04375 0.08359375
4 0.55 0.43359375 0.05390625 0.09140625
4 0.48671875 0.52421875 0.07578125 0.1296875
4 0.58359375 0.5265625 0.08828125 0.1453125
4 0.7265625 0.4109375 0.05625 0.0765625
4 0.796875 0.45703125 0.08203125 0.10625