0 0.40859375 0.284375 0.0390625 0.06328125
0 0.12421875 0.2984375 0.03984375 0.071875
2 0.48359375 0.3078125 0.0296875 0.05625
0 0.30625 0.31484375 0.040625 0.07890625
0 0.9296875 0.321875 0.03828125 0.06171875
0 0.23046875 0.33671875 0.03984375 0.0671875
0 0.6515625 0.340625 0.040625 0.0703125
0 0.078125 0.3421875 0.0515625 0.0640625
0 0.52578125 0.346875 0.040625 0.078125
0 0.38125 0.3484375 0.0390625 0.06015625
0 0.86953125 0.35625 0.0484375 0.071875
0 0.7921875 0.36328125 0.05703125 0.0859375
0 0.75078125 0.37578125 0.03671875 0.075
0 0.1515625 0.3765625 0.0421875 0.071875
0 0.58828125 0.37734375 0.04609375 0.078125
0 0.4484375 0.3921875 0.04140625 0.078125
0 0.6546875 0.409375 0.04453125 0.08671875
0 0.70546875 0.4265625 0.05703125 0.1078125
0 0.5375 0.43828125 0.0546875 0.09921875
0 0.28046875 0.44765625 0.06484375 0.1171875
0 0.58203125 0.5078125 0.06640625 0.1140625
0 0.34375 0.546875 0.0859375 0.14765625
0 0.23046875 0.58046875 0.0765625 0.13984375
0 0.96875 0.65546875 0.06171875 0.1671875
0 0.87265625 0.759375 0.10703125 0.20234375